43394
43393
43383
41451
39626
41450
43384
43387
41494
41481
49638
40669
33600
33602
37233
35226
40883
33594
44817
35227
41511
37364
38752
41495
38168
41496
41498
35306
41503
40876
40873
37222
37367
40871
40862
40860
38765
40859
37224
38764
38761
37368
40852
37427
38091
37430
38760
37225
38758
45931
38756
38753
37455
37462
37226
37465
39520
35235
40920
39517
38175
41500
41502
40929
41488
41487
41473
3772183
3771756
40851
40891
38750
36602
36604
35614
38748
36606
44250
36613
40892
39515
36614
38746
36615
47173
38744
36617
35236
38743
251414
41579
36619
38738
46080
36624
35239
39514
41578
35241
44148
36626
38170
39511
37980
36627
38735
36632
36636
38733
36638
36639
42778
36641
39509
36643
42788
33971
36645
45880
42789
38728
42777
35242
35240
42776
38256
42774
39501
38727
35101
42773
35103
42772
35105
38726
42780
42782
42783
41953
35238
35237
35234
40849
39502
42819
35231
35228
45318
42816
36648
36649
33967
36650
33966
36651
42814
36652
40792
42813
35106
36653
42811
36654
42809
42808
42806
39504
35225
42804
38725
36658
53566
42802
42800
40627
44433
38723
35222
43017
40789
49847
45556
36661
36662
43026
36664
36663
36665
36666
36668
42799
117368
42794
36669
42793
36670
36671
31247
35257
35256
41948
36676
40795
35255
38718
38717
38716
35104
40791
41945
40739
40835
40740
40790
35102
40786
40745
38714
42596
44039
40783
38710
40779
40833
42798
42797
35100
40758
35098
37475
37477
38428
41981
40909
41984
37706
41987
37471
37466
37464
42028
42037
42027
37781
42026
37735
35112
35253
39402
35122
35247
35124
37854
40830
42020
35125
42018
35127
37565
42017
35130
32141
35132
32147
32148
33964
38435
38434
35246
39333
32157
35248
35254
42801
35258
42803
35131
42805
42807
35129
35128
42810
42812
35126
33968
42817
37555
35123
37567
35121
35119
42034
40667
35115
35486
35110
35490
35491
33978
41996
41991
41949
40787
35111
35113
39313
35492
39408
40087
43034
43038
43039
40085
43043
39404
35150
35157
37458
40948
39411
38321
37456
35259
37294
40938
35168
35261
48805
36000
40828
37229
35260
35264
35488
35268
38697
38696
35174
38688
35173
37211
38685
37210
38679
38675
38674
40827
38669
35273
38666
38664
39419
38661
117353
38657
35177
35178
37453
35179
37450
37447
42453
35188
53573
37428
45786
40342
40341
40339
43051
43052
39738
40554
32400
39429
40336
37393
49505
45018
38703
37392
45017
38702
41399
39054
35267
38654
37387
38653
38652
37379
32544
38651
43061
43064
31771
43063
40575
43065
35189
43066
35193
40333
40332
40331
40577
50466
39439
39157
40330
39156
38647
38645
38643
38433
40580
40314
40326
40325
38640
40324
40323
40315
40318
40316
40313
40581
38635
38634
38632
34189
38631
38629
32714
32713
35142
39441
35146
35145
35266
39440
40650
40732
40648
39420
32290
43067
35147
39435
35152
44001
35153
46187
38624
38622
39434
35263
40664
38620
35262
39438
38616
38615
35154
39424
35156
40657
38613
35158
38611
38610
39426
31818
38447
35162
35303
44059
35169
39428
49427
39423
44038
35285
39422
39421
35279
35686
43069
38594
38596
38598
38600
38602
43068
35151
35282
39425
44118
44879
35196
39430
35194
39436
35192
49168
34632
42940
42855
31593
35190
39409
35184
40850
35183
31816
35181
41350
39418
31456
35381
39525
39523
40508
39508
39499
35293
35197
38451
35296
35298
35300
39505
39510
35287
35289
35291
3772305
39513
38698
36787
37202
39516
35200
40564
39521
31244
39524
35295
39469
39470
35206
36963
39467
44668
39456
31193
35297
35299
31750
40748
31749
31744
36962
40751
47220
44096
31707
31708
40569
31300
31299
31301
38452
31303
31308
37184
37443
31310
36472
33959
31314
31318
31320
31317
33960
33961
36533
39159
117332
38419
43839
38409
36481
36635
40906
37274
42530
42512
42507
42482
42475
33749
35438
3355041
33412
34944
40553
44261
41665
45524
35948
49090
42978
34873
44543
38457
45574
41670
38448
38465
38443
38440
34756
39383
38437
38463
42222
38461
42752
33337
33394
42432
40679
33398
42422
33409
42399
42398
42394
40905
3772069
35288
36241
41384
42965
40551
41066
40952
37817
39331
33369
41581
40847
37052
37058
37059
49803
37075
37076
37081
37089
33123
40917
40538
31688
35305
39068
37130
37135
48532
37024
31695
37014
37013
37000
36951
44155
39462
31700
31702
35309
39459
35310
36942
42959
32428
36941
35311
37554
36931
31736
31743
39458
31746
31824
31761
31764
39454
39451
31830
39450
37566
39447
39443
40714
40720
40710
40725
39446
44819
48481
35378
32337
32341
32344
32345
32349
33075
40717
40721
37214
39455
37249
39460
44029
39461
35307
33918
37259
40541
33768
43938
37261
43823
33804
40547
33805
41090
33810
40953
40317
40843
37278
33919
37281
37284
43825
40841
33924
50286
49997
37289
43824
46008
35641
37524
43826
32351
43827
35505
32357
42976
40527
33932
37519
43830
43831
40902
43832
45343
32213
35646
42973
40698
32350
43835
40940
32348
33930
37282
40514
44011
32342
32062
35654
40507
37337
32340
35658
35659
40509
40901
42982
35662
32046
35664
35665
35669
35673
40510
32339
40629
32338
40511
37339
40512
32334
37342
40505
32205
35674
45398
35672
33806
35671
43838
35663
33803
43842
33800
40624
32335
43843
43844
43829
43822
48309
32327
37341
40622
32034
32325
35513
32323
35751
35660
42981
37533
32321
37774
37332
32319
32317
32315
37330
33934
37788
37790
37792
43833
33943
40607
31772
35765
37309
35764
35763
35761
249072
38444
37301
33946
31778
35735
37552
32015
37285
37286
40899
35779
35545
35546
31788
46456
37266
31791
33948
40501
33071
37247
33955
37245
46158
40613
40492
37244
40415
40414
40411
40409
39490
39481
40489
39479
37227
39477
39475
40600
39474
39471
39472
31795
33989
39476
39478
37527
39480
39483
37534
39484
39485
39486
40897
39491
39492
39493
31804
40919
33993
40599
37859
37541
31807
46326
37553
37755
38469
37760
37560
37786
43433
40402
40400
40367
40356
40896
40352
37355
43646
43648
43649
43676
43678
33923
38471
33925
33950
33949
33947
33944
33942
33941
33940
33939
33938
40605
33937
45815
43714
43713
43712
43710
38472
43703
38538
38548
38543
38545
38552
38478
38554
43924
38560
31813
32178
38561
38479
43810
37574
40491
50397
31675
40803
40486
33161
33162
50152
33163
42954
33165
33166
31060
31062
40805
31065
31067
31069
31061
44540
37833
38264
49821
42353
36937
40296
35001
31070
40295
38261
36935
40475
31072
40474
43867
37877
42354
31078
45973
31079
37920
37923
31080
37924
31083
31081
36975
40894
31084
40737
40738
36998
40472
40471
31381
38329
37040
31386
40470
40469
40468
31388
42359
31090
40467
45339
40300
42355
33175
33179
40309
50110
40741
38313
41520
40754
43480
45785
37514
37513
40756
35796
38369
33182
40461
40890
33184
44505
44098
43585
40757
50096
43474
41491
43557
38399
40760
48337
38427
43469
43718
40875
43723
40458
43724
38412
33896
39395
40761
43794
39381
38373
43726
40766
46027
40770
43731
2768974
2768973
33193
32002
39376
33196
33200
43735
3772393
33883
40771
39357
43753
43756
40084
31151
40635
32362
38525
326206
32363
32365
38520
39347
38503
32368
38480
33199
38477
38473
31158
39337
41554
41555
33197
33194
44392
33841
41556
40638
39327
44843
33183
40072
39329
42484
38456
42323
35425
35431
48312
35429
35434
35808
40057
31050
31048
31042
47763
38130
35817
39317
32471
32472
41600
39319
42352
39309
39899
31036
31033
35499
50121
41606
35829
38494
41608
40976
40977
32374
32514
32515
40644
35523
50024
40775
40984
40985
32106
32104
32103
40986
32101
31564
42307
32099
38495
33044
39293
3772566
32093
47854
40647
39288
41227
33388
39275
32088
41006
33035
41007
41009
33033
40552
5740784
41011
33037
32079
32076
41023
41031
32074
32071
40874
41036
36110
41039
36098
33623
41046
45325
42984
41052
36108
35915
42298
42991
42992
42993
35928
42996
42998
37295
38125
42999
43000
39251
40263
37264
36678
39252
38128
39245
32145
35971
36683
36687
39213
38263
32310
43004
42293
33228
36099
43416
43424
33232
43007
43429
33230
43006
33227
43430
43431
43432
43016
43018
43019
43023
43031
43035
43036
43037
43041
43042
43044
43046
34914
34917
36061
43435
43436
43040
43437
43438
43050
43440
43441
43446
36121
33215
43448
36123
43449
3772506
3772439
43053
43056
36125
42076
43450
43451
46391
43456
44791
43070
39895
37209
33207
43071
43072
43074
33206
33205
43073
3772165
43009
43010
43011
33692
33689
33687
33668
40715
32999
33003
32996
32997
33002
37205
43463
53473
44643
37221
41067
41068
41069
41070
41071
41072
41073
41074
41076
36160
41078
41079
41080
41081
41082
50007
41083
41084
41085
39175
41086
41087
41089
41092
41093
40637
53472
40639
40582
38326
38183
38185
40626
38446
40617
38418
38405
38421
38211
38422
38413
38423
38084
38411
38404
38228
38232
38233
44100
38238
38243
38246
38251
38592
45282
38436
38076
38073
38396
38217
2768997
35709
43657
44839
43485
35374
35526
44548
43694
35728
31855
31854
3354990
43715
31798
43644
43512
43643
43662
43660
43651
43669
31815
38420
38410
38401
38378
40727
31799
38375
192509
38173
38174
38176
38177
33072
38343
32269
38181
38017
32045
38187
38190
31856
35712
31805
31801
35554
31796
31794
31793
43700
31853
31782
31781
31857
31859
38021
31863
31866
31777
31869
31775
35805
43869
36042
36044
40728
36033
36037
53436
36036
36038
53435
44856
36031
31904
35616
35620
40651
53434
31683
31680
31802
31682
31684
44978
2768730
35741
38028
40621
40655
40628
35651
35649
38071
40692
40690
45041
40630
32318
32322
32326
33167
31393
40718
31304
38324
31392
38331
38079
37601
38101
37674
33335
33685
37962
32930
3772691
32932
41449
32934
32936
32937
33669
31316
41738
36077
38047
36080
31391
41447
36072
31582
45775
31572
43698
117294
41453
44000
37713
39945
32947
32942
39861
32940
32970
32969
31523
32967
32965
31509
41834
48338
32257
34277
42379
43088
36456
37925
47730
42385
39815
14462452
43347
43345
38864
37118
34613
42077
41542
42833
42271
40872
39766
37748
43321
41532
42486
41570
38059
34688
39753
45883
34673
35027
39279
43182
34681
36526
39228
42594
44870
34483
39689
39194
39690
40232
34584
36126
38060
39634
31024
38049
34609
39650
34624
38504
42189
42174
45269
36142
36144
39661
38063
38712
42218
42132
36128
40870
36133
36137
36139
36143
36145
42249
36157
42152
32780
36214
48343
44724
2768954
42166
41591
32910
40708
39193
42199
36564
36301
36363
36368
36387
36406
36410
34106
35857
32512
36224
36218
36217
36216
36215
36209
40706
36203
36170
33849
32571
44391
32422
33529
38341
33528
41714
45668
34696
246663
35498
38344
44510
43382
40521
38389
41249
3354863
36673
43342
43332
44851
34202
34234
38327
36401
36258
36257
33147
34942
3354921
40696
38330
36516
30977
4379834
40040
50344
32359
32364
50161
37310
50281
37575
40781
37623
37759
38575
31226
31272
42637
40694
3355164
37269
38102
36595
33249
32580
33797
33766
43370
34506
40114
40824
39466
50289
39248
39216
39110
39109
32974
32981
32986
32987
32991
31311
41704
41658
32412
32393
31650
40483
3355145
35414
43397
3354888
34092
3355094
40907
33135
38515
40522
40524
40574
50157
38511
40618
40619
41263
41416
31130
34587
38468
38547
32463
32862
32798
50470
38340
35034
35035
32085
44251
44272
31996
40817
31973
50416
31947
38517
31912
33004
50403
31822
31825
31686
31843
31860
32781
40453
33384
33619
33031
38521
31427
31416
31415
31390
31378
31676
31678
31370
31372
31375
32562
32570
36944
32995
32994
32993
32992
32502
38364
39724
32252
32248
32229
32176
32271
32298
31526
31515
38522
31466
38385
35681
31800
53577
38397
31789
36024
40672
48535
38286
35099
37769
41992
35516
38701
38637
37185
35917
38527
37183
36463
38462
53579
40513
35770
47408
31803
31082
35453
35834
37641
37685
42019
41903
41973
249663
3772080
34024
40903
46662
33120
33561
31626
36655
40900
42682
41215
41221
41235
41229
41231
41232
41246
41250
41261
41262
50253
35737
35727
35726
35710
5740660
35631
35628
35630
35629
35625
35624
35622
35621
35618
35617
35615
35613
35612
50139
37971
37993
50220
36656
36642
36634
36640
36629
36628
36625
36623
36621
36630
36620
36616
40898
43330
43333
43331
40865
43328
43326
43308
36109
36107
36103
36101
36096
36095
36092
36088
36094
36089
36087
38374
36082
36081
36075
36079
36078
36065
36046
36054
36052
36050
36026
36013
35996
35987
35980
36124
36134
36136
36141
36158
36161
36162
41204
41198
41201
41187
41184
41110
41105
36688
36715
36724
36714
36744
40365
40363
40350
40343
35504
40319
40321
32774
32759
38496
32747
32734
32733
32727
50350
32707
32710
32685
32684
32681
32675
32673
32670
32654
32643
32644
32642
32626
36562
50224
31323
39896
39894
39880
39874
39868
2768955
2768967
39886
40816
39885
39867
39863
39839
50268
39805
33074
39804
39801
39798
39796
39795
39792
39791
39790
39789
39788
39787
5740583
50274
39780
39779
50267
53564
39806
39803
39802
59235
39799
39797
2768963
39786
50270
39785
39784
50271
40814
39782
39781
39776
39773
39760
39756
39751
35252
35251
35245
35244
35230
35229
35219
35208
34180
34185
38519
34187
34188
34181
34182
34183
34184
34186
34221
34228
34236
34240
34242
38523
34253
34271
34272
34288
34289
34303
34310
34318
34323
34335
34334
34342
34345
34349
34381
34405
33066
34408
34434
34444
36398
40812
36374
36359
36346
36355
36350
36344
38526
36343
36341
36335
36332
36328
36327
38300
36325
36323
3771946
36311
5740215
36300
38528
36275
36268
36294
36276
36273
38530
36269
36259
36256
36255
36254
36250
36253
36245
38302
45881
36222
36229
36227
36212
45587
36207
36213
36201
36194
36182
36181
36180
36177
43650
36200
53433
36193
36190
36189
36187
36184
36179
36178
36168
50237
36169
36167
40503
33060
34925
34933
34940
50456
40247
40254
40284
40286
40289
40288
50109
34959
34995
40823
53513
53512
35013
35003
35006
35008
35015
35016
35019
35020
35021
38623
38660
38665
38695
38692
38713
38711
38720
38724
40821
38730
38992
50301
39011
39012
40820
39007
39008
39010
39022
39030
50300
31331
31328
41048
36423
36427
36430
36426
36433
36434
36437
36439
36495
38500
36501
36503
36504
36509
36510
36518
36523
36528
36524
36539
36541
36538
36547
36545
36551
31029
31028
31025
31019
31018
31015
50364
31005
31004
31013
31007
30988
30984
30976
3346142
30972
40035
33058
40029
34160
34164
34165
34167
34170
34149
35705
34154
34156
34157
34159
34166
46386
34169
3772329
43645
34172
34175
32360
32366
32382
38016
42599
42597
42592
35701
42588
42574
42568
42563
42560
43642
37311
37313
37315
37322
43862
37312
37316
37317
31913
3772580
37323
47065
37325
37334
37343
37348
2768858
35500
37347
37349
37351
39719
39695
43373
39676
39667
39649
39646
39638
39635
39637
50282
40700
39604
39612
39603
39600
53446
39602
39599
39592
47746
39579
39577
39560
37496
43652
37501
37487
37492
37497
37502
37509
37510
37518
37521
37556
37596
37597
3885599
37605
37607
37609
37603
37608
37613
37615
37627
37632
37637
37667
37680
31914
37686
37689
37673
37675
37683
37701
50133
37717
37719
37720
37758
37765
37797
37845
37855
37806
37813
37839
37844
43958
37883
37881
37885
37891
37905
35697
44276
37911
37918
37921
37930
37906
43590
37907
37909
37917
37940
42823
42824
42829
35695
42826
42838
42840
42858
42873
42859
42870
42883
43595
42890
42892
42910
42911
42916
42917
42921
42924
36051
42923
42926
42930
42931
42933
42941
42942
35694
42943
50073
42947
42951
42961
12798257
42967
42969
50074
42987
42988
42990
43596
43014
43020
43025
43028
43055
43059
43029
43033
38956
43597
38938
38932
38921
38907
38906
38922
38919
32361
38869
33242
33238
33236
33241
33213
33217
33216
33187
33169
50263
40000
40008
40013
40016
40019
38588
38587
38583
38582
36053
38576
38574
59233
38567
32367
38557
38556
38555
39925
39927
39928
39929
39931
39937
43599
39938
39952
39951
39531
39541
35957
35430
35919
35916
35911
35906
35895
35880
35907
35896
35894
35879
31234
31236
31237
44554
31246
33922
33933
33962
33963
33975
33991
50428
43656
33994
34003
34006
117348
117496
34047
34048
34049
34051
36055
38299
38295
38292
38290
38282
36058
38278
40218
42787
42751
42740
42733
42718
42720
42719
42705
50061
42685
42668
42636
42635
42633
36047
42630
42634
42629
42628
42627
32058
42610
3355158
37305
37302
37283
31770
37308
37303
37273
37270
37271
38024
38031
38036
38044
38046
38064
38096
38098
38099
35717
38100
38066
38069
38074
38086
38087
38089
38090
38092
38093
38095
38097
38107
44786
38104
44014
38120
38155
38167
38186
38200
38203
38222
38230
38247
38192
38194
38195
38197
38210
38212
38227
38239
38240
38242
38249
36600
32059
36597
50198
33250
33251
33266
43466
33267
48373
35959
35968
32581
32594
35270
35280
35286
250736
32056
2768911
43307
43305
43304
43303
33895
33875
33879
33869
35715
50424
33868
33831
33857
33853
33851
33842
33828
50423
33826
33820
33819
33808
33802
33799
43434
33793
33790
33786
33784
33780
33779
33787
31687
33771
33765
33763
33761
33760
33757
33753
33764
46040
33759
33114
33758
33756
33754
33751
33735
33739
44072
33734
53471
4379885
33714
33702
31222
31220
31218
31203
31197
31172
39915
39909
35713
43396
43389
43377
34510
36043
34508
34507
34513
40046
40051
40071
40065
40066
40086
40081
40088
40094
40099
40100
40109
40098
40101
31689
40112
40113
40126
3771960
40132
40154
40156
40158
50259
39507
39506
39498
39512
40675
39500
39497
39496
50287
39487
39465
33048
39463
39432
39414
39359
39345
39344
39335
39328
50290
39315
39316
39300
3772670
39264
39261
39256
39234
39227
39219
39201
39208
39207
39189
39191
35426
39177
50296
39167
39151
39148
33117
39149
39139
39120
36035
39051
40181
40192
40193
40197
40196
40199
32891
32893
32906
32908
32911
32915
50363
43427
32939
32950
32952
32953
32955
3772349
3772641
35432
32958
32963
32964
32966
32968
32971
32973
32948
32949
32951
31698
32954
32961
32962
32972
32977
32975
32976
32978
32979
32980
32984
32982
32983
53448
32988
32989
43194
43195
43188
33119
43201
43209
43210
50080
3772449
3772140
43221
43214
43232
43238
43243
43245
43257
43260
43261
43287
43286
31297
31298
31312
40681
31319
31321
34146
34145
34144
34129
35433
42312
42301
42290
42281
42280
36032
42268
42266
42264
42262
42265
42260
42259
42256
31701
3346166
42235
42252
42232
42233
42226
42212
42195
42176
42179
42164
42163
42161
42134
42124
42121
42119
42123
42120
42118
42116
40684
42102
42099
42098
42086
33286
32377
33287
33301
33310
33325
31669
33339
33341
39997
43120
41723
41722
41716
41711
41715
41695
41676
41660
41659
41657
50026
41648
41654
41649
41642
43663
41621
41593
41588
41580
41575
41567
41568
41560
43875
8674022
31776
35354
35358
35352
35346
32421
32410
32407
36029
32409
32408
32395
32394
31273
31274
31275
31276
43422
31284
31285
31286
31287
31279
31652
31651
43420
31644
31639
31632
31628
44007
31615
31614
31703
31610
31611
31609
31595
31594
31556
31555
50391
40497
40490
40488
40485
40484
40482
40480
40481
40479
40476
40944
3355132
35515
43664
46243
49953
36964
44266
36988
36991
36995
37010
37022
37030
37039
43795
37041
37046
37045
37056
37086
37087
37092
50210
37098
43467
43461
43457
43453
44642
43445
43443
43439
43460
43454
43444
43425
43421
43417
43411
43413
43412
43410
43408
32049
50092
34075
34073
34065
34072
43398
43145
43164
43167
43170
50075
43142
43152
43166
43670
43168
43171
43176
45962
40447
40439
40435
40425
40423
40421
40420
40418
40417
40416
40422
40419
40393
40404
33096
43459
33126
39982
35541
35538
35531
35535
40893
40867
40866
40869
40868
40864
32381
40856
50143
33133
33131
33129
33137
33136
33134
33132
43671
33130
33128
31075
31068
31066
31064
31063
31057
31055
32211
44620
31049
50366
31032
40526
40530
40534
43812
40537
40529
40532
40535
40536
50160
40555
40558
40559
40566
40568
40594
40602
40603
40604
40606
40611
40614
12798232
40632
40643
40646
40652
33034
40659
40671
40685
40726
40729
31920
41272
41278
41281
41289
41292
41297
41275
41283
44965
41285
41287
41298
41299
41307
41314
41317
43682
41352
41379
41383
41387
43618
41393
41395
41397
41403
41407
41412
41413
41414
36025
41415
41417
41419
41426
41432
44858
41442
41456
41465
41466
41467
31780
41468
41469
12797890
35860
35858
35862
35859
35849
40687
35847
35840
35798
35797
35803
35802
35768
35757
35749
50250
31085
31099
31100
31101
31787
31102
31104
31105
31094
31095
31096
31097
31098
31103
31106
31109
31111
31123
43687
31140
31142
31144
31146
31148
31129
31131
31132
31137
45250
31139
31141
31143
31145
31147
38754
38755
38772
38780
38791
38797
38792
43765
38800
38814
38832
38849
38851
41736
33110
41734
41735
41762
41763
41765
41771
41761
41789
41790
41791
33108
41803
41810
41846
41851
41854
41875
41887
53554
41888
41890
41929
41982
32170
41986
41990
41994
41997
42000
42001
42002
42003
33105
42013
42016
42023
41993
41995
42004
42005
32169
42006
42007
42008
42014
42015
42024
42030
42031
42041
34532
34536
34545
34537
32164
34538
34547
34566
34567
34572
3771749
34576
34588
34589
50442
34597
34598
34590
34591
34592
34593
33102
34595
34623
34627
34628
32572
38328
43792
38386
38387
38402
38403
38414
38381
38383
38384
38388
38390
38395
38406
38415
38429
50167
2769007
38454
38453
38455
38459
38464
38466
38467
38470
3772638
38485
43716
38486
38488
38489
45577
38484
38487
38490
38514
38491
38492
32162
38499
38501
38502
38506
38508
38509
38510
38513
33093
38516
38518
38529
38531
38533
38534
38535
38542
32160
38544
38546
38549
38550
50172
42328
32440
33090
32453
31672
31670
31673
50396
33028
32848
32844
32835
32834
32833
32845
32159
32824
32806
35419
32801
50207
37099
37102
50206
43797
37153
37155
37163
37165
37167
46038
37173
37175
37178
37149
37156
37157
37166
37168
46085
37170
37172
37174
37176
37177
251984
37181
37188
37190
37182
59128
37195
43803
37198
37200
37201
37191
37192
37194
37197
37199
37215
35420
37248
37250
37251
37256
37258
50202
50203
37263
36028
35312
35033
35037
31704
5740546
35044
35059
35062
35063
35064
35069
35073
31706
35076
35077
35082
35080
35085
35087
36020
35109
35114
35116
35134
35159
35161
45338
35160
35166
35167
35172
40810
40809
40811
33082
40807
40798
40797
40777
40776
36018
45848
32084
32065
32051
43402
32060
32053
32052
32038
32022
32011
50323
32006
50315
50316
49816
49992
32113
32127
32132
37354
37359
43400
50126
35556
35595
35591
31343
47218
31919
31924
31931
34916
34915
34913
34911
44381
34904
34902
34899
34897
34901
34898
34893
34891
34887
47219
34886
34878
34865
34863
43717
34853
50454
34845
34834
34833
33077
34828
31986
31975
50417
31961
50415
31949
31940
31898
43856
33076
33012
50257
31692
31694
31690
31705
31715
31714
31720
31733
31742
31748
31765
31779
31785
31786
50191
33370
50192
33366
50190
33371
31829
53580
31861
31862
32037
31864
31865
32784
31356
33381
33391
33396
50188
33403
43633
33422
33446
33447
33453
33454
33472
33476
33527
33537
33542
33548
33553
33570
33578
33585
43691
33615
33616
33630
46015
33637
31718
33646
33647
33649
50178
33655
33657
33648
33650
33651
43689
33652
33653
33654
33656
33659
33094
33088
33079
32036
33064
33061
50123
33039
50124
33036
43623
33032
50122
31434
31426
31412
31409
31401
35319
31679
34727
45268
34723
34721
34717
34687
34682
34671
42552
42548
35732
42540
43495
43496
43498
43526
43531
43538
43537
32035
43541
43546
43550
43555
43556
43578
43564
43575
43584
35730
43589
43592
43604
43612
43613
43608
43610
43614
43615
43627
32100
43647
43655
43658
43659
43661
43667
43665
35724
43666
43668
45039
43677
43680
43702
43681
43692
43695
43696
31366
31365
31371
31367
31369
50378
50379
50380
32102
40743
40744
40746
40752
40755
32153
40759
40762
40763
40768
40769
40765
40767
40774
32503
44885
32509
32533
36933
36912
32108
36930
36899
36882
36873
36871
33001
33360
33700
33694
33684
33683
33681
33679
33676
33675
33672
33670
33665
33661
34768
32477
32476
32489
32492
32501
37371
37373
37375
37388
37408
37418
37421
37439
44263
37451
32032
45280
37459
37463
37472
37468
42415
43719
42464
42468
42469
42470
36801
36814
36815
36799
36804
36805
31725
36832
36834
36843
39726
32262
32249
32098
32247
32224
32215
32214
32200
32194
32189
32177
32167
32166
32152
32151
32146
32139
32137
32276
32279
2768909
32288
32291
31731
32307
32308
32309
32324
31516
31513
31512
31508
35711
31500
31498
31494
44873
32135
31461
38001
31872
31874
37763
42206
38226
41486
38493
38379
32765
43462
34019
32021
38277
38273
33272
35211
34283
38782
31747
35744
36017
47082
3355102
47878
37985
37990
36041
36034
50001
32641
43775
36446
32375
37898
37899
38573
38304
38281
38274
33257
40159
32895
32897
43259
41631
41630
41626
32401
3772383
3772603
31574
31568
31566
31550
53501
37252
37257
35567
35572
32274
31385
32542
32549
36936
36934
50216
36880
50048
42443
36841
32193
31499
31446
32080
32073
35690
36015
35687
35684
35683
35682
43707
43709
32020
35679
47091
31988
35678
35677
32282
36011
36010
31990
43779
33029
31763
53578
31792
43720
31766
32019
43721
32069
32292
32068
31666
33127
43399
43401
36009
35942
43770
53522
32016
53523
32070
31664
32294
32296
36012
43944
36014
33118
36016
33040
35667
33038
32694
33589
42791
39137
40640
36019
42790
39135
33592
33591
37253
39129
42340
39131
37196
31520
42781
39849
39844
42338
36122
32297
42775
41098
41100
41101
33607
37307
43780
42261
59232
37331
34517
36307
41111
36022
31463
38365
41119
31460
46194
38315
33043
38311
38310
42135
31662
35218
35281
39993
38007
41134
33121
31315
31313
37808
35292
31023
37856
37811
41147
41154
41155
42531
36314
39932
35308
37340
34693
36702
39818
32299
34722
34724
34725
41173
34730
5740834
34739
34741
36693
32008
47729
53516
50208
37904
39770
34528
50209
34759
33112
34769
34771
34539
33635
33726
34784
34788
37298
34806
34807
34815
34558
34824
36005
48772
34812
34811
34809
34789
34787
31883
34781
31881
37280
37977
37276
36004
41666
31178
41212
41211
41189
32009
37967
37965
37963
32047
33045
50205
34565
33109
39700
37961
36540
37960
38034
42048
32007
33901
33046
32546
42437
34763
34760
34755
39648
33107
34601
34602
34604
34605
34607
34610
32109
34715
44030
34713
34709
50446
39687
36006
31014
31016
38322
38323
38325
33474
53445
31026
38836
38839
40246
33413
34637
34638
38847
35610
33006
34249
34244
35661
34650
53541
33407
49895
36425
33047
3354919
39739
39742
39741
39740
32112
38591
34667
39736
39735
39734
34679
41652
41651
38067
36478
36479
32114
33111
33022
33023
50227
33025
38057
31645
36498
33026
33024
35656
33191
42757
33195
35653
39647
3355133
42755
38056
43442
38070
34461
34462
43788
44669
34465
34466
34467
34471
42730
42729
42727
43980
41273
34478
42723
35655
42721
40226
34485
34489
38080
3354987
34494
41294
34499
34497
3885616
42697
38037
38033
40215
39396
40216
39393
40217
43672
38586
39378
39375
39373
33346
5740147
32301
34993
5740457
3354988
39627
3354991
3354996
3354995
3354994
5740592
39609
53427
53432
39601
53426
33103
38068
38072
38078
41353
42363
41351
43263
42386
43249
43248
50044
43113
43112
43111
43110
42401
53504
41526
2768665
32524
43447
41357
34639
34640
34641
41361
34644
34646
33515
33101
33521
33512
33510
37716
41518
41363
41376
40220
59225
33411
59224
33097
33406
42711
59226
42709
43766
37228
38196
38201
32083
35514
31890
31976
31696
33516
33517
33518
33519
33522
33520
33511
33509
35571
42454
42457
2768674
42462
42463
42465
42466
50050
42489
32081
37728
42503
42094
42506
39566
39850
36939
36938
2768940
34152
34153
34155
34158
42529
42515
39489
33449
33451
43805
44183
35144
35139
35138
35137
50467
41598
34962
34958
34977
34999
34997
32013
38639
32554
35507
44672
35180
35185
35195
44355
35209
35210
38946
41406
39549
43679
41425
39548
39545
39543
43130
41550
32077
43128
3355111
33956
59227
33954
33951
32075
42766
42768
42769
43093
36603
36605
40595
3354977
33078
41482
44110
3354918
32087
3354896
53428
43690
31879
31880
32090
49952
36667
7354399
43693
43820
42983
32089
35321
3885565
35320
42069
42067
3355143
3355138
3355124
32094
3355125
35170
3355126
3355127
38656
43699
49893
36286
32095
49892
3355040
3355163
48448
43864
37105
37107
37108
37109
37110
3355134
33081
37111
37112
37113
246581
3355114
35213
35212
42046
35207
42022
42021
35205
41989
35199
35198
38391
35410
35409
35182
36415
36414
36412
36411
50228
36413
35341
31384
33573
3355151
33139
35140
33140
33142
33141
33143
40813
47765
34176
34171
37776
33639
35368
42678
32107
37724
34297
5740847
40275
41512
32281
33348
46246
33354
33357
35540
33358
33353
33351
33349
37793
33347
37738
37737
3355010
39452
37125
4379911
39494
3355131
35340
37071
35086
3355011
3355066
43981
39495
39522
3355069
45307
4379919
32278
3355136
5740408
32275
33356
3355129
36521
31592
36001
41354
38407
246682
37131
41349
35999
40182
41359
40184
38398
41490
36333
43722
43819
38768
38400
43725
42336
42337
46035
31873
36384
36385
32217
31440
36111
31155
3772213
3772012
44913
43118
50373
50374
30996
42914
42913
42912
42909
42905
42879
38636
34162
53547
31926
35652
42144
42143
42141
42142
37585
50433
40928
37011
42579
35998
42578
37159
39354
31006
47718
43809
34191
36239
42267
42460
39616
33658
31965
42583
31810
35743
34269
43369
32172
3355181
32086
34918
31808
36059
39641
3772405
36932
5740142
3355139
30978
45588
31812
30995
34996
35000
35002
34224
41625
31927
41008
35004
35005
42425
40778
40780
43727
37480
37479
47852
35007
35009
41978
43816
41979
8674030
53511
40888
40886
35997
33245
39717
40885
40887
40889
40517
326273
31806
37481
37482
41693
43571
43572
31288
32168
39673
33755
37441
44269
44268
50251
31739
35702
34808
43873
43279
35550
34998
49045
37357
43728
44160
3355144
3771779
36154
41091
31773
33104
36068
42146
33641
40345
44275
3355130
32165
43622
45707
44483
43729
43529
40782
32163
34943
44481
3772419
37319
37314
43828
36542
39725
32039
47198
34219
35981
45845
35232
34823
34937
32379
45928
46717
44125
49802
37101
37100
34931
43487
43488
43521
33049
34837
34836
37756
32161
33331
33333
40073
40075
35984
3355116
40528
34379
34351
34818
43730
31668
38762
32386
32115
3772196
38216
38220
33738
39141
39142
39138
39124
35986
39125
37002
36266
37179
40995
42258
35988
47901
42127
42055
43974
32119
40068
40026
40025
40024
32208
34235
36790
44353
40964
35991
36773
32708
32866
32000
31745
39947
33792
40923
33785
35989
40578
30991
36487
36486
38248
40274
34460
36681
43489
33056
48632
32050
40115
32120
34451
34452
33969
32389
38539
48224
35781
33350
32358
35445
44787
36568
36567
38180
2768980
40308
36202
50236
33833
31511
36297
36003
41448
39225
39224
33057
43785
32078
35402
40039
37255
36519
36515
32124
36556
36637
43913
37422
36105
43811
44936
32378
43367
35149
35155
32150
42549
43603
34192
36084
32125
42953
31181
38829
38572
43379
2768924
47457
42857
43324
32149
48316
36045
36023
35810
35648
44108
47895
36958
36957
36943
32144
36862
43239
41116
41404
34922
34923
32207
34920
33059
39659
42319
45780
44205
35647
41910
34775
59253
44750
41897
34932
41895
41894
49804
42906
59241
31093
37093
37094
37095
37096
35644
37097
41176
38958
41264
41452
59240
41538
41595
33483
33482
33439
48317
35050
36549
45908
32640
41337
53510
39633
32631
34041
38659
35639
34080
39364
42644
42622
42188
42191
42201
37189
37212
37213
37187
37158
41552
42216
34371
43799
42044
31697
47757
39205
37031
2768923
35332
33429
44441
41371
38766
39636
45040
32398
35929
43374
45248
50438
50437
50441
43375
50101
50102
50169
50170
35985
49080
38370
43951
59247
43736
47764
59246
32604
59137
41942
43484
44920
59140
59141
59142
59143
59144
3771984
59145
59239
59149
59150
59151
59223
35742
48381
59157
59158
59159
43598
43952
59163
59164
317813
34930
41126
40260
59167
59169
59170
59171
59172
59173
59175
59176
59177
59178
35733
59184
43594
31817
246511
326109
59214
32142
59217
38252
59218
35979
31928
43737
35731
38362
43378
32138
43738
45285
117365
32195
43804
35993
43481
43483
32055
43800
43741
43491
43493
40848
44013
35975
38241
38424
45816
32180
47186
38262
38432
38235
43747
32057
40846
35718
35719
40844
35946
43749
35720
32173
43423
43428
38244
43426
31661
38257
35330
43499
43501
40842
43751
32140
35953
43504
43798
43755
43506
43508
35955
43758
38231
35958
40837
40838
43796
40836
43588
40839
31925
32293
40840
32295
31811
32300
31671
43761
31809
43472
43793
43475
40610
43477
40612
40733
44274
38229
40615
40724
32143
32221
40723
44150
38287
35816
35949
43791
35819
35820
31917
40719
40834
43673
35950
43764
40716
43789
43762
38223
31797
31663
35822
32042
44632
35952
35708
35707
38219
35706
33073
35954
45960
32041
35956
31667
32040
40713
38218
40653
40711
35696
35693
40712
44289
40709
43757
40654
40707
38345
44018
38346
40702
35691
38355
40701
40656
35821
31995
38356
38357
31735
43750
31737
35814
31989
43767
43748
35811
44446
31741
43746
35689
43616
35688
35685
32027
35680
31759
43745
31760
40668
32026
32018
35784
35786
40683
38360
35788
43768
43582
44087
31691
43786
40699
40697
35795
43587
40695
32017
43743
40832
43744
31858
43742
40831
38159
32258
35417
32014
36104
31712
35418
32250
43739
38157
31716
38156
46415
43607
43611
43771
31964
31967
43617
35421
31960
43621
31721
35422
43630
43635
40693
43740
43637
32111
38146
50246
31722
31724
31726
31727
31728
31729
53581
31732
43734
31738
31740
36048
43639
36056
44111
36057
38148
31751
31762
35804
36049
35789
31767
43476
43473
43772
43471
36039
40796
36040
40804
40822
40819
40818
36030
40815
40825
36118
32116
35623
43782
43783
35837
35851
35937
32121
32123
32122
32272
32154
38149
32156
35325
35322
35316
40593
40908
40861
35315
40904
40666
40863
47251
40598
35435
40616
32110
32216
32212
32203
32201
32199
32198
32190
32188
117503
40623
35323
35324
35326
35329
40915
35331
31248
35336
40921
31251
31252
31250
31249
40857
33157
31253
31254
40649
326108
45884
38009
40642
40934
33156
48552
31255
31256
40937
38006
31257
31258
35485
45894
31259
32320
38004
31260
40945
33203
31261
40949
31262
31263
44910
31264
31265
31267
31266
31268
31269
33172
33202
48239
37999
37998
37995
40950
32179
31271
33225
37994
40946
33559
33560
40943
44058
33231
37992
40941
33233
37989
33235
37988
37801
33237
33595
33597
33239
33599
53552
37804
48572
37805
33696
33244
44529
33460
31221
40936
33465
31332
33240
37591
31219
33467
37983
33469
31414
33471
33234
31329
31217
40935
31411
44126
31326
31971
31978
31977
31979
3354992
31966
40660
31338
40665
33458
31339
35753
31958
35756
40686
33229
35754
43990
37970
31215
40682
37515
40680
31214
40678
40676
37968
40670
31341
40673
31410
31342
33688
31347
33608
31348
40933
35478
30973
31335
40677
33686
33622
37655
40932
53550
33629
31954
31952
33475
31950
33636
37807
31943
33480
31944
33481
33682
33027
31938
37810
35473
31374
33485
31404
31939
33487
49713
41697
31934
33488
40924
30971
31897
43841
45922
35995
246383
246384
246386
36027
246388
45875
246389
36064
36147
246393
246395
31902
36156
36176
36233
246397
246398
246399
36221
117345
246404
246406
36248
246408
246409
246411
31903
36295
36345
246412
36371
246413
36334
246414
246415
246416
246417
246418
36399
246419
246420
246422
246424
246425
37814
246426
246428
246431
246432
36573
246434
246435
246436
246437
246438
246439
33693
246441
246442
246443
246444
36740
246445
246446
246447
36736
31402
246448
246449
43997
246451
246452
246453
246454
246456
36818
246457
36950
36969
246458
246459
37004
246460
246461
31524
246462
246465
37134
37126
37119
246467
37146
246471
170882
37265
40922
246670
246669
326110
37328
37318
37335
246671
246484
246485
246487
246488
246489
50149
35611
31519
246490
37945
246492
37916
37815
47873
246496
246497
37780
246500
246501
33226
246504
37749
246506
246507
192481
246509
117485
31054
117484
246510
37592
37595
246513
246514
53546
33248
50129
31399
31518
37606
31044
37473
37622
37610
37600
40916
251324
246518
246519
246520
246521
246522
37543
246523
41701
37522
246525
37454
246527
246528
246529
246530
246531
246532
43943
246533
246534
246535
37360
37384
31648
246539
246540
246541
246543
31517
117343
246545
246548
246549
31038
246550
35934
246551
246552
246553
35885
31647
246556
246560
246561
246562
246563
35828
33695
246565
35832
35809
246566
246567
246568
246569
246572
35806
35783
246573
246575
246576
50252
246577
246578
30970
246579
246580
246582
246583
246584
246585
37403
37410
45382
37429
37423
246587
246588
37437
246589
117344
246591
31642
246593
246595
246596
41703
246599
246600
37691
246601
37705
246602
246603
246604
37882
37879
37954
246605
246606
251466
37986
246608
246609
246610
35549
246611
246614
31630
35496
246616
246618
35573
246620
246621
246667
37531
246668
36929
36940
246624
36924
3771732
246627
36716
246629
36719
246630
246631
33701
246633
246634
246666
246638
36631
33638
246640
3772367
50225
36534
246644
246645
246646
246647
246648
35704
246650
246651
246652
48986
35692
41706
35670
246656
43904
31397
33644
31086
33470
33645
33495
45906
41707
31396
37818
40918
41446
33468
31213
31212
37537
31622
33466
31211
31395
37661
33493
37663
44573
39115
37822
31210
37682
31118
31120
39620
31503
31124
48571
43708
318552
43688
43697
43683
318553
318554
43528
318555
43654
326111
326112
43640
326113
326114
318558
318559
43638
43620
43581
43586
318562
318563
326115
43544
43539
43518
43535
43545
33486
43547
318567
53563
41955
43404
37824
318571
261634
318572
318574
117327
31909
117336
43309
43300
43277
318575
318578
318579
35475
43223
43244
318582
318583
31506
43208
318586
43179
43062
318590
43135
31150
318591
43105
43116
2768687
43098
43058
43057
326117
41075
326118
43030
43054
318593
318594
43015
43001
318595
318597
41428
42960
326120
42975
42221
318599
326121
318600
318601
318603
42898
318604
42854
42880
42698
30975
42836
318605
251610
42784
40913
117467
42796
41921
42687
326122
261631
42669
318608
42665
42670
326123
42601
318610
33484
117471
318616
42554
42575
41927
42842
42487
33479
42103
42477
117460
46155
42186
318622
42456
326124
318623
318624
318625
318626
318627
326125
117473
37831
41443
42314
42382
42348
42032
42344
326126
42325
326127
42237
318632
318633
318636
33478
318637
318638
42557
42204
37688
47285
326129
42316
42148
40853
42129
31496
318645
318646
42087
41014
41010
318649
42068
42071
318651
318652
318653
33461
326130
318655
326131
41282
318657
117339
318658
40931
318662
318663
318664
42663
44360
49241
318666
318668
41583
41339
326132
41865
33477
318677
41770
41457
318680
318681
41733
318682
43177
41728
318684
41178
117470
117472
318688
37687
41592
326133
41835
41576
318693
31617
261629
326135
41462
48582
35480
318698
41470
43543
41392
42736
48581
41437
43060
43626
318700
41377
318701
192528
41355
33473
41288
41280
37834
318714
117475
318715
318716
326136
318720
318721
318722
42084
326137
318725
318727
318728
64874
41709
326138
318734
318735
318736
318737
326139
326140
318741
64872
44921
326141
41013
318744
326142
318746
318747
40978
318749
42577
318751
251937
261628
40925
318753
42303
326144
41859
40826
40806
170876
31489
318765
261626
326145
40884
117459
117462
44121
33498
326146
326147
318776
251711
318778
35559
40567
326148
318781
318782
318785
41710
318788
318790
318791
40691
40663
318794
40689
40661
318795
40747
170878
40749
30994
40772
318801
33501
41919
33247
31487
318834
318835
318841
318842
318845
44307
318846
35427
318847
318854
318855
35424
37681
117347
117346
318856
35393
318859
318860
33986
37836
33957
33931
33927
33928
318865
33914
33910
318866
33171
33863
326149
318867
318868
33795
33776
33503
326150
326151
318874
318875
33392
33690
33330
117500
33363
33359
33361
33343
33395
37838
326152
326153
48440
35348
318878
318879
35351
318880
35327
33404
31612
318881
318882
318883
261623
318886
35314
326154
41461
33455
117461
35265
318887
33489
46000
35243
318888
318904
318905
318906
34577
261621
34231
261620
140439
318907
34320
318908
318909
34416
318911
318912
34438
41719
318914
34453
34731
34736
37840
318920
34783
34894
49529
318922
326155
35561
261618
35079
318924
326156
117487
117488
117486
170887
35118
35143
35135
34331
326158
30990
34642
34648
34652
318934
117464
326159
33613
318935
33568
261617
261616
318936
33500
318937
326160
318939
318940
318941
318942
318943
35163
326161
35215
33277
35203
318946
41721
318947
318948
318949
318950
318951
318952
261615
318953
10178782
318954
33499
318955
34803
318956
318957
318958
318959
318960
260659
260658
37843
318961
34938
326163
326164
318965
35563
318970
318972
260645
31608
318977
318980
318981
318982
326166
318983
318986
37846
326167
318988
318989
318990
318991
318992
261614
34530
34490
31480
318993
34463
34458
326168
318995
318996
318997
319000
326169
34281
326170
35565
50432
319011
319012
319014
34082
319016
319019
261613
319020
31209
319021
33921
319023
319025
326171
326172
31604
319027
319028
319030
326174
326175
117499
31208
14462661
117492
117349
326176
33338
117498
326177
319033
35569
246672
326178
319042
45329
319043
326179
33572
319045
261610
319046
319047
319048
44382
33158
33174
319052
326181
31602
326182
33778
41725
44887
43808
319064
43774
43777
38075
317815
317817
31474
43836
317823
317824
43814
317826
317827
317828
317829
38990
31613
39041
192535
39105
326183
317833
317834
37850
317835
39062
39122
326184
39178
326185
39188
326186
39180
317838
31207
39196
39198
326187
326188
39206
39212
326189
39235
39246
317841
326191
317842
326192
326193
64867
39230
31473
326194
39258
39311
326195
39323
326196
39282
37852
317846
39307
317849
39368
317852
33445
39400
317854
39415
39413
39406
317855
317856
39444
317858
317860
39448
317862
317864
317866
33576
45328
317867
33574
39518
39552
39564
317878
117407
39537
39561
39569
33443
317880
39596
251690
251924
39693
37672
39727
317885
39778
317887
49070
39831
37376
317890
317891
59215
59216
39919
38088
317894
261607
39944
326197
64879
326198
47781
39962
317897
317898
39972
317900
39980
317901
317902
37671
39978
317903
317904
317907
317908
44482
317909
40028
317911
326199
317912
317913
40105
317916
40150
37377
40127
40134
317917
317918
317919
40171
317922
39114
317923
317924
317926
40229
40225
326202
40947
317928
317930
251916
249170
38584
326203
38578
31600
317933
317934
317935
317936
317938
317939
33680
38532
326205
117477
117479
117480
3771916
317942
31597
317943
117481
38445
317944
38438
317945
317946
38416
3772569
33441
3772375
38392
326207
251645
38393
38382
38408
31205
317952
317953
317954
317955
317956
317962
38338
317963
317964
38288
38285
38293
317966
317967
37857
317973
46719
2768976
317976
317977
38142
261663
33571
38055
326208
44811
317987
326209
50302
45879
317996
38876
317997
38873
317999
38845
318000
38848
318002
326211
33567
38823
38801
38833
318005
192611
31464
318007
38751
117342
117406
318008
33440
48382
318011
318012
318013
38706
318014
38677
38667
318016
33565
38663
318018
38649
326214
33581
38605
40273
50105
40310
117476
40327
43901
40362
40366
326215
33678
318030
40396
318031
40358
40406
261603
326216
40412
318032
37493
318034
40495
318035
318036
318037
318040
40502
33564
318042
318043
318044
45467
41636
43174
38013
318046
38103
33562
318050
326219
38363
38367
38358
326220
31459
64877
49228
318053
31309
33144
40942
2768879
45031
318059
318060
33671
33085
33083
31457
33098
318071
32990
33000
37861
117414
32943
32933
32922
318079
32928
33556
32864
318082
3346150
32826
32822
318085
32767
32743
32748
326221
32706
326222
32659
318092
37862
318093
318094
32657
32638
326223
32613
318095
64875
117366
318096
30985
318097
318098
318101
41739
318103
318104
32429
32425
32430
318105
32371
318107
318108
45021
32387
326224
32384
318109
32373
117463
35452
318128
32352
32311
32312
326225
318133
318134
37540
318135
318136
318137
318138
318139
32264
326226
32239
35584
326227
318140
32209
318143
32174
117501
32097
318146
318147
326229
59261
32029
326230
32001
318148
326232
32005
31997
318149
318150
35583
318151
31970
31942
318153
31980
35577
318158
31933
31918
31907
31915
31899
35575
31896
326234
326235
31877
31867
318160
31835
318161
35570
318164
318165
318166
44861
318168
318169
318170
31681
318175
318176
35564
31638
50395
35560
31598
31625
326237
326238
318189
31551
318192
318193
31493
318198
31475
31430
33543
31420
31368
251900
35454
318207
318210
43900
318211
38085
31322
318213
31280
31270
31229
318215
31152
326240
318220
318221
31121
41445
31110
318222
31074
31089
318223
318224
318225
318226
318227
318228
318231
260693
318235
35590
318237
37650
318238
41741
36475
318243
318244
318245
42795
43191
33547
318246
261599
318249
318250
318251
318252
31717
31059
40307
5740599
33555
37539
3772396
32935
37538
318260
33677
40560
318261
37382
39625
318271
34826
36086
34237
50434
34218
326244
34208
318273
318274
31201
318825
318826
42528
36342
36811
41742
41931
39238
35411
39941
326245
40340
326246
318833
39116
39807
318838
318840
41743
42527
31491
318857
117338
35799
31450
34835
32625
42654
42467
43012
326251
326253
326254
326255
41694
117364
43872
41177
318890
50070
326256
326257
326258
42659
50068
33721
34553
34814
326259
35275
34813
31448
326260
326261
44637
326262
318891
318892
33324
318893
326263
34514
41460
36978
35529
45871
53585
36071
318894
36449
326264
36732
31588
35642
44097
37583
36131
36279
37161
31443
37726
37725
47894
3772655
36507
39834
318901
326265
47283
38169
40504
326267
32526
32343
32438
318913
35031
37867
118436
318916
318918
36073
326328
31441
251270
326270
252554
246659
318824
36945
251430
326329
42524
117331
40800
43414
32483
41899
41225
41745
338395
40382
2768951
39118
2768867
2768860
2768859
2768732
2768996
31439
2768998
2769005
2769006
2768871
2768873
2768872
2768902
2768901
33253
2768900
2768899
2768898
2768897
2768896
2768906
2768905
2768904
41746
2768870
2768903
2768889
2768960
3885664
2768950
33544
2768977
2768981
2768975
2768952
2768964
2768990
2768969
2768979
2768983
43895
2768982
2768972
2768958
2768992
2768948
2768949
2768946
37871
2768938
2768939
2768989
2768988
2768984
2768986
2768968
2768987
39628
2768993
2768659
2768941
2768929
2768912
43296
2768931
2768917
2768918
2768916
2768944
2768915
2768914
2768925
2768926
42521
2768910
33539
2768934
2768933
2768932
2768661
2768664
2768666
37873
2768668
2768669
2768672
2768677
2768678
2768679
2768681
2768682
2768683
2768684
2768688
2768690
2768721
2768722
39119
2768715
2768717
42519
33640
43295
38012
31586
38083
33192
2768851
2768850
2768846
2768847
31394
3885588
2768840
2768841
2768844
3885587
2768836
2768834
2768833
2768832
33538
2768831
2768718
2768719
2768725
2768724
2768727
2768726
2768728
50082
2768865
2768693
2769001
2768670
2768965
2768673
2768971
39623
2768970
2768714
2768994
2768686
2768691
2768883
2768886
43293
2768957
2768875
2768720
3346176
3346177
3346227
3346226
3346225
41757
3346224
3346223
3346160
31107
3346239
3346208
33007
3346201
33627
3346141
3346235
38668
3346204
33270
3346202
3346192
42517
3346203
3346209
3346222
3346221
40304
3346149
3346207
3346188
3346237
40858
42150
31200
33667
3346205
3346220
35483
3346238
3346145
2768716
37876
35604
41455
41759
43291
37875
3772257
3772219
37874
3772504
3771784
3885590
3772540
32803
3772680
3771970
3771733
3772011
3772563
3771913
3772049
3772188
3772218
33263
3772064
49968
3771825
8674081
3772524
3772644
3771952
3771730
3772511
3772084
3771864
318064
3772247
3771915
3772423
3772280
3772494
43292
3771724
3772322
3772065
3771798
3772513
3771934
3772186
39127
3772145
3772390
3771932
3771760
3772359
3772138
38082
3772611
3771728
3772560
3771920
3772100
3771985
3885576
3772658
3772451
3772206
3772600
43294
3772427
3772179
3771860
3771892
3772583
3772602
3772381
37884
3772289
3772380
3772047
3771840
3772499
3772256
3772424
3772205
3772436
3772288
3772054
3772311
3771856
3771958
3772181
3772344
3772640
41773
317974
3772111
3772625
3771914
3772108
37545
3772338
3772056
3772149
3771818
3771959
3771734
3772282
3772163
3771879
3772489
3771838
3772345
3771771
3771816
3772351
3772198
3771981
37544
3772541
3772370
3772665
3771783
3772374
3772715
3771785
3772607
3771910
3772447
3771792
3772075
3772632
3772552
3771911
3772448
3771723
3772077
3772618
3772032
3772225
3772360
3771729
3772004
3772565
3772421
3772702
3771774
3772619
3771912
37886
3772148
3772518
3771803
3772346
3772191
3771991
3772556
3772231
3772581
3772139
38081
3772517
3771736
3772278
3772173
3772409
3772505
3772189
3772265
3771854
3772081
3772708
3771809
3772113
3772264
3771941
3772083
3772211
3771891
3772319
38005
3772496
3772129
3772276
3771947
3772575
3772172
3772271
3772509
3772104
3772317
41774
3772336
3772519
3772166
3772314
3772502
3772325
3771957
3772096
3772248
3771938
3772094
3771935
3772058
3772254
3772203
3771908
3772013
3772666
3772099
3771893
3772299
3772438
3772464
3772720
3771875
3771945
3772652
3772073
39092
3771851
3772334
3772007
338392
3772456
3772159
3771806
26067037
37887
3772538
4379909
26067038
26067039
39108
45320
3771890
3772082
3772382
37088
39621
246538
3885650
3772719
3885668
3885642
41783
318102
40252
41454
43186
3885628
41549
3885575
3885646
45233
31469
3885654
39681
3885639
3885638
37953
33611
3885603
39572
3885637
3885607
3885598
3885594
32938
3885640
3885644
3885611
3885597
3885610
3885577
37888
3885627
3885619
3885632
3885570
38077
3885589
3885633
3885569
3885585
3885648
3885592
35576
3885636
3885665
3885602
3885584
3885596
3885643
3885655
3885583
3885617
3885606
3885656
3885620
3885660
3885601
38106
3885645
34299
3885612
19893529
19893533
19893535
33606
19893538
19893539
19893540
19893542
39107
19893549
19893551
19893552
19893555
35578
19893556
19893558
4379879
4379907
53543
2768685
4379888
4379865
31945
4379881
4379891
4379852
4379890
37890
4379864
4379842
4379844
4379854
4379880
4379912
4379851
42504
318066
4379887
4379886
318872
40912
43181
37548
4379866
4379860
4379884
318566
4379889
4379850
4379892
4379900
4379856
42402
4379908
4379870
32067
4379817
4379878
326250
4379861
32582
4379863
4379867
42327
34353
37894
5740175
5740441
5740392
5740407
5740394
5740685
5740596
5740831
50457
5740400
5740214
5740474
5740746
5740285
5740699
5740264
5740391
5740338
5740515
5740203
5740541
5740634
5740688
5740752
5740423
5740242
5740790
5740108
5740826
5740440
5740715
5740248
5740572
5740534
37018
5740437
5740481
5740128
35585
5740389
5740368
5740498
5740243
5740630
37526
5740129
5740143
5740805
42496
5740490
5740219
5740704
5740468
5740774
5740170
5740103
5740254
5740782
5740281
32584
5740467
5740574
5740154
5740431
5740585
5740807
36186
5740377
5740848
33974
5740558
5740811
5740195
5740861
5740771
5740183
5740238
39106
5740575
5740417
5740216
5740416
5740624
5740480
5740883
37551
5740115
5740860
5740501
5740347
5740297
5740493
5740507
5740551
5740205
5740488
5740226
5740186
5740465
5740365
5740141
5740713
5740751
5740348
5740836
5740212
41934
5740553
5740656
5740605
39104
5740878
50039
42248
5740817
5740234
5740178
5740126
5740644
5740640
31580
5740609
5740331
5740196
5740555
5740413
5740662
5740802
5740436
5740430
33976
5740334
5740866
5740537
5740723
5740825
5740370
5740483
5740636
39102
5740536
5740793
5740766
5740299
5740282
5740757
5740224
5740497
5740676
5740207
32302
32656
5740714
5740378
50358
44701
2768869
33011
2768895
5740271
5740122
5740569
5740687
39098
5740176
35107
5740152
5740402
5740668
32072
43002
35904
5740672
5740590
5740528
42820
5740442
5740349
33062
33180
41217
35738
43362
5740840
5740879
5740472
37498
39096
5740565
37679
42715
42638
42608
33995
36592
5740323
33812
5740788
5740131
5740362
50320
5740303
5740544
5740700
41749
37132
5740816
35588
33534
33552
34669
37398
5740446
5740462
5740310
33985
50356
41513
43769
41873
37981
5740252
31953
5740854
38003
40359
5740505
318206
37979
31987
2768848
31591
43892
5740414
32877
5740313
37699
5740837
5740622
5740165
5740867
5740606
31204
5740489
5740655
5740681
5740702
31472
31471
5740743
5740179
36440
5740593
5740853
44128
5740603
5740580
5740745
5740761
5740549
5740813
5740554
31887
39095
5740775
5740612
5740876
5740693
5740130
39066
5740168
5740661
5740868
5740101
31578
5740316
5740547
5740319
39094
35592
36076
31567
31198
31196
31565
31195
31194
31192
33704
34849
34846
33987
2768671
34843
34850
31153
3771877
37900
3772432
33532
34870
37902
37702
37903
37638
47869
34881
37636
37697
37635
37695
37629
41777
41778
41780
37618
37926
33590
33437
42324
37708
37927
33524
117361
32585
31277
31387
33436
39093
37707
41459
38002
42047
33434
45706
37929
33513
33252
31389
37932
39097
31380
33426
48421
32586
33254
31382
37933
31562
35608
31383
37715
37934
41458
35609
31157
50392
31379
42315
33201
37559
31557
31160
31278
37966
42051
31282
42493
37964
31554
33420
31283
31552
31289
33593
33514
32587
37938
33421
41795
37972
37617
37561
36821
37941
40303
42313
31376
31190
37619
37557
33198
31377
37973
31189
41797
32589
37563
40301
35447
42491
31071
33256
37942
33259
45827
33190
34888
37626
37974
35440
33643
31292
39103
31056
31188
31052
37628
33260
37944
33418
31364
36800
37631
43701
42490
39081
33631
42045
32591
40302
37633
37946
36803
34877
39083
31047
37947
32597
45234
37639
33185
31373
40298
31046
37640
33628
31045
31043
39085
53540
31187
31039
33178
34883
31037
50381
50365
33626
44052
31186
44736
37386
42485
31185
49297
31525
33262
36809
41800
37588
33505
42318
37803
33507
34250
42320
31119
39089
42972
37593
34251
34252
37589
34256
33709
33712
30980
34903
34258
37987
45012
34259
39902
47942
36819
34262
37991
31127
42305
42309
31553
32234
37996
30979
34263
31558
31560
33715
37644
36417
33717
34928
31128
30981
40079
36419
37646
40078
37809
31156
40074
41476
31154
34268
32230
36418
31571
41805
34270
40069
46091
36420
42473
31573
37820
30982
38000
36421
37648
37823
31184
39581
41809
34275
30983
34278
31576
41811
46020
31577
31149
39864
36424
33583
42036
43982
2768908
34280
37825
31579
33261
39580
31581
44172
40297
39943
37577
33258
36428
37957
34282
33255
39940
36431
33725
40063
39091
40061
37959
44889
39939
40059
34927
36432
37721
37832
41226
41228
39090
36436
41484
32946
31585
39582
47399
33604
39088
47141
37837
41230
31587
37576
31589
37731
41233
33208
31293
42066
34924
31295
41238
37730
41489
33265
44207
40054
40293
39862
44173
49580
45278
36438
34908
37727
34286
40056
42062
33609
33271
39086
39860
30986
31596
34892
31601
44849
40049
33610
31179
39084
42060
41821
41247
49815
41822
37842
32228
36444
41944
34890
42057
37849
34292
41253
42451
3355155
3355123
36060
53439
32226
3355097
3355096
3355079
3355089
37851
5740633
41957
19988923
36445
34294
3355064
42054
37858
3355016
3355013
32225
31294
36448
3354965
34296
3354941
37739
3354930
3354925
3354922
31522
37484
7354404
39082
5740664
31177
34300
3354861
31521
41265
3355135
3355149
37395
3355150
3355171
45821
33210
45525
3354971
34302
37397
31603
31422
3355106
3355109
40291
41270
3355120
3355180
3355174
3355173
31176
3355107
3355084
37580
3355093
8673970
3885567
3355165
3355162
37860
5740235
3354890
37401
37757
31510
42070
37864
42449
40045
42075
31175
45783
33212
5740827
37866
41493
41279
39437
32222
37581
41284
5740597
40290
40043
31497
34293
39079
5740386
41296
39858
37754
39856
33214
36454
41300
42080
37751
31605
31606
31490
39855
39854
33621
39857
34876
33642
34291
39431
40036
39847
3355072
3355167
31483
3355108
33218
41499
31291
39843
31481
40037
30998
39841
5740117
31290
5740691
34304
5740851
34957
33221
42082
31470
5740475
32131
34874
42446
39842
4379897
40033
33727
32133
48785
8674077
31465
48782
5740294
39433
5740113
41825
5740542
5740411
39845
34906
42440
34907
34910
5740185
5740359
49165
33220
31458
40030
39076
34889
39846
34885
42438
40023
33274
49424
48335
34879
39075
33223
34875
50107
39071
34912
31444
31173
48903
31445
31174
32601
44432
31447
41830
42435
39070
31449
37587
31451
44317
41832
32603
34840
33209
34966
34842
47208
42433
34848
34844
41935
39583
7354432
7354465
43754
38254
43136
36102
32261
7354398
7354422
7354471
43213
3885573
7354428
7354415
39617
32043
41925
42632
32561
34005
39334
38788
32196
7354475
33275
37614
43148
7354413
31504
7354434
7354431
33051
39145
38689
2768892
318020
32771
32898
31957
32233
40879
38786
39958
44297
34665
318930
326119
37621
7354427
36559
7354400
39840
7354402
7354418
7354417
7354416
7354375
53544
7354412
42765
32487
33743
7354426
32860
7354435
7354429
38332
7354382
7354425
7354423
7354414
37853
33336
246493
37038
40620
3346206
43787
42471
43781
41398
39399
36473
43415
36488
42455
32825
38430
35838
41401
31618
33312
33373
2769008
42948
35974
39630
39696
42558
36205
40335
32183
32033
7354472
40305
7354466
33125
35977
35494
3355160
36002
32191
7354473
37164
35449
32576
7354437
317969
7354374
7354373
7354421
42299
41836
37937
37936
7354407
7354406
7354408
37469
34319
318998
7354433
33894
39417
33893
7354476
7354379
7354403
7354371
7354380
7354420
7354410
33377
7354411
7354409
35938
37897
7354381
7354376
7354378
7354377
8673992
34987
32606
42600
7354405
7354430
7354474
7354424
7354436
44653
8673976
7354447
33176
7354470
34557
41842
42429
33379
8674111
41985
8674114
8673966
31486
32874
8673988
8674033
2768945
8674054
8674116
8673984
8674094
8674028
8674117
8674015
8674059
8673960
8674016
8674095
41838
8673979
8674020
8674085
8674051
8674115
8674064
8674008
8673983
8673980
8674009
8673995
8674058
8674043
8674014
8674093
8674076
8673962
8674056
8674037
8674035
34964
8674066
8674013
8674087
8674004
8674001
8674071
8674046
37599
50032
8674072
8674021
8674050
8674018
8674092
8673993
8674100
8674080
8674108
35787
8674068
37079
8674039
32608
8674012
49077
8674082
8674084
8674097
8674075
8674063
8673972
34030
43298
8674023
8673967
8674074
8673985
37841
38562
31344
8674000
38769
8674002
8674119
53567
38094
8674073
35026
8674031
43548
8674024
246505
8674067
8674029
37008
32126
40788
37598
8674120
37869
8674104
44900
42428
8674011
8674113
36272
41616
40596
39255
38558
8673999
8674106
8674025
33269
8673961
8673991
8674103
40157
8674069
8673977
8674060
39457
33385
8674107
8674006
8673955
31713
8674091
5740320
8674044
8674090
8674042
8674049
33211
5740204
41302
8673990
8673981
8674007
8674048
8673971
8674005
8673963
8673987
41943
39004
8674055
40704
42269
8674036
34896
31000
8673957
39320
8674019
41293
8674052
8674088
35075
8674026
40153
8673965
37044
41840
44513
35176
39983
8673994
39809
10178935
33397
10178825
10178805
10178928
10178806
10178951
10178901
37411
10178939
10178846
10178847
36403
39900
31136
31826
42412
33405
44258
39268
37433
39111
40205
40722
2768999
43946
37643
39889
40292
10178899
10178949
10178926
32754
34854
32941
10178824
37578
10178839
10178943
10178857
10178906
10178792
10178822
35813
31507
33408
36330
36806
36609
10178828
10178820
10178898
33068
36396
39453
33410
10178945
10178864
10178890
10178862
10178784
10178897
10178940
33419
40785
318709
10178870
10178859
3885667
10178891
33866
5740325
36093
38863
32457
34968
10178837
37654
38732
35442
31438
35090
10178957
10178875
10178923
10178900
10178930
33268
10178795
10178889
10178963
10178835
3771968
10178861
10178929
10178885
10178797
10178888
10178960
10178832
10178950
10178816
10178912
34970
10178796
10178968
10178908
47594
326165
10178948
41817
10178793
37413
10178946
41252
41017
31905
10178954
38747
33219
40793
10178814
36511
10178961
10178894
31171
34764
10178941
50072
43276
10178958
10178812
39977
34951
10178877
10178852
36825
34161
3885579
10178916
3885578
10178873
39179
10178905
42763
10178934
35071
10178909
10178844
10178785
10178965
10178910
10178777
10178840
34179
10178933
10178831
10178913
10178927
10178787
10178880
10178809
10178866
37152
10178851
37416
38259
32718
38065
10178853
10178781
10178817
41939
10178911
10178932
10178914
12798348
42426
40294
31170
33264
31001
37579
33222
41844
39403
32610
37420
32268
12797937
12798184
14462753
12798214
12797997
12798556
12798557
12798305
12798445
12798369
40017
12798056
12798058
12797888
12797894
12798207
250811
37129
41182
12798477
12798338
41845
12798339
12798340
12798436
41880
12798579
12797978
12797979
12797990
38981
40515
12797913
12797911
12797912
12797926
12797977
12798588
12798122
12798514
12798515
12798516
12798517
12798518
12798585
12798468
42137
12798325
12797866
12798326
12798329
12798341
44154
12798330
12798347
12798405
12798406
12798121
12798270
12798272
38895
42424
12798252
12798254
53560
12798080
12798282
12798281
8673982
38352
34502
31169
12798230
12798151
12798107
12798108
12798119
12798120
12797949
12798276
39836
41062
41256
12798551
12798240
12798539
12798157
32136
32092
12797970
41958
3772559
41788
38966
3772015
12798550
12798159
12798364
12798372
31544
12798393
12798391
12798449
13084051
12797902
32266
12798292
12798293
12798381
12798242
12798570
12798317
12798403
40015
12798407
12798408
12798442
12798465
12798124
12797946
31543
12798390
12798392
12798334
12798476
12798425
12797919
12798144
12797895
12797860
38841
13084062
12798438
12798437
31168
12797993
12797992
12798528
3346162
43923
42089
45683
12798297
12798152
54520426
12798223
12797998
12798583
12798024
12798301
12798466
12798327
37830
12798420
12798172
12798253
12797910
12797917
31167
12798428
12798054
12797953
37872
12798081
12798001
12798328
12798256
12798350
39405
42743
12798106
37582
12798047
12797901
12798367
12798363
12798218
12797916
12798379
32263
12798569
12798125
12798458
32259
12798419
36326
41916
12798422
12798278
32267
43329
12798298
33984
47216
12798331
246515
12798140
12798323
246625
12798461
12798460
12798459
12798213
34830
12798413
12798414
12798544
35117
8674062
41847
35698
12798088
12798510
42624
35387
13084069
31991
12797872
12797873
42421
12798309
12798343
12798145
12798009
13084068
31535
12798006
38376
35519
38505
32158
3885647
41968
36982
12798324
39835
31935
12798198
41849
31929
31955
12798574
12798201
12798202
12798457
12798138
318843
32468
12798395
12798394
44448
12798308
12797875
12797876
12798530
19836027
12797938
33276
40583
12798467
12798158
12798365
42710
37230
38347
12798450
12798498
12798275
12798044
12797883
40014
12797889
39065
39052
32260
32256
37889
37892
39410
42413
12798580
12798057
12798279
42410
37488
12797893
14462851
34287
14462793
14462556
14462557
40299
32028
32729
14462625
14462484
326128
41483
41843
14462614
14462615
14462617
42409
318910
14462401
14462445
14462616
14462860
14462861
14462862
31353
44380
14462585
39231
14462512
42770
14462901
14462687
33601
14462611
48340
14462612
14462613
37490
35277
53557
14462740
42236
5740318
37594
14462799
14462486
3771905
32448
45840
14462810
42767
31962
36442
14462622
44484
39527
38296
42110
39533
33278
14462673
319026
34038
36746
32889
31166
14462778
37489
3772180
38131
33617
14462693
37863
14462630
14462631
34738
14462761
38810
14462836
39018
14462845
19835787
14462596
14462597
34284
5740629
14462726
14462692
14462699
14462714
31165
14462715
48336
14462751
14462795
14462685
14462783
34279
14462591
14462410
14462411
26067040
14462437
33281
14462762
14462678
37486
34560
35284
31031
14462838
14462840
34276
39464
14462910
39360
39153
42396
32024
31948
14462830
14462588
19835957
32202
14462712
14462775
14462777
14462759
42764
14462897
31162
14462523
14462900
32611
38109
31224
32246
14462875
38337
32245
14462843
14462915
38050
36838
2768995
14462620
46006
14462850
32689
14462405
19836181
42827
32243
14462701
326173
33535
14462879
5740769
14462878
34594
14462750
42215
14462485
14462605
3346167
14462476
41893
40633
37485
14462577
14462455
14462454
32241
14462475
14462479
34274
31163
32240
42762
34732
34032
14462434
36840
14462482
14462474
40590
39730
14462537
42759
34112
31336
35524
42392
14462674
37590
14462776
14462774
14462464
33279
34295
34341
35594
14462483
42742
36753
14462623
37743
14462489
40608
14462463
14462837
14462757
32616
48341
14462470
34264
14462442
48339
19835383
42390
36694
19836175
36795
37419
19835749
37978
19835727
37511
19834761
19836034
36429
37657
19835865
19834718
42979
19835885
19835677
33282
19835876
33224
19835022
19835868
33283
19835613
49809
19835591
19835750
19835072
19834814
39063
31831
32303
19836089
42388
19834757
42756
19836253
34260
19835366
19835887
39064
34257
19834720
19834768
36844
50458
31340
19835655
19835457
19834721
19836138
32063
32253
32846
19836188
19836117
44054
37150
19836171
19835622
32273
19835393
19834939
19835138
37573
35627
39067
19835392
19835307
19834907
42750
42748
42380
39069
19835398
32630
19835861
32329
34245
34975
3771872
19836082
38815
19836004
42377
3772576
39074
42376
19835635
19836050
19835525
19836231
39077
32635
42374
39078
19835738
42747
42373
35626
34978
40224
34979
39056
39058
31424
34867
34866
34864
19835181
19835594
34872
39057
44531
39825
5740513
39099
39055
35634
35635
19834832
19835476
19836240
19835127
19835678
33965
19835907
19835348
19836032
19834930
19835051
59260
34847
33981
33999
19835263
19835010
34000
34001
34822
32688
44117
19835723
19834795
32285
37741
34002
19836048
42691
41114
43580
39813
42676
19835394
19835998
19835139
19835490
19836116
19835504
19835136
38371
19835548
19836003
39645
19834908
19835597
19836197
33861
19834937
19834760
41291
19836061
19835571
19834892
19835713
19836008
19834931
19835902
19834964
19835563
19835262
19835657
19834948
19836220
19835207
19835431
42370
19835016
19834824
41932
41305
326116
19835569
19835488
19835236
38306
41902
19834873
32637
19836177
31607
41905
50003
37893
19835434
31442
19834846
39833
31620
37744
47762
31621
34306
42369
46032
19836228
31623
19834929
37895
41922
31624
32353
43080
19836213
19834759
19834833
19836030
19835900
19835590
19835659
19835131
19836139
42367
34831
33289
43078
37570
19834823
19835450
19835889
31629
31631
34981
41917
19835642
39829
42362
37901
41303
34004
19835258
42745
37910
19836101
19834845
41306
42360
39828
33204
41914
5740846
26067041
26067042
26067043
26067044
26067045
26067046
26067047
33291
26067048
26067049
26067050
26067051
26067052
26067053
26067054
26067055
34527
26067056
34983
37784
43086
42358
34529
37782
31641
34921
37912
31646
41310
34317
31649
26067057
34316
41312
38604
34315
26067058
26067059
26067060
26067061
34984
26067062
34313
34312
26067063
26067064
38603
36447
26067361
34531
26067065
41913
31653
42356
39826
37571
38601
37914
26067066
39586
26067067
26067068
31656
36455
31657
38599
34321
26067069
26067070
26067071
42738
34516
37919
38597
42739
26067072
53586
31659
36457
26067073
26067074
26067075
26067076
26067077
26067078
26067079
26067080
39558
33284
36091
36458
34829
30522392
30522393
19835256
30522394
30522395
30522396
30522397
30522398
34988
30522399
30522400
30522401
30522402
30522403
30522404
30522405
30522406
30522407
30522408
30522409
30522410
38595
36786373
47272
44359
37922
34519
42737
39877387
246653
44271
39877388
39877389
54520427
54520428
54520429
54520430
54520431
54520432
54520433
54520434
54520435
54520436
54520437
36460
54520438
54520439
54520440
54520441
54520442
40764
39242
54520443
33285
54520444
42423
54520445
54520446
54520447
32244
54520448
10178823
54520449
54520450
36459
54520451
54520452
54520453
54520454
54520455
54520456
54520457
54520458
32242
41313
34859
34329
32650
36461
42734
34325
38593
31542
32238
42357
36462
39050
31541
38608
36464
39827
43091
41320
36465
42717
32652
36466
39824
37928
41321
43092
42361
36467
31540
34856
37931
34992
36468
34857
34007
41911
36846
34858
41472
42364
42706
34540
41326
37935
34324
33288
2768920
36469
34543
36470
33290
36471
40287
43095
42366
42701
34330
42700
42699
33292
39820
43099
42368
36477
45360
34549
53508
36484
37939
32662
43101
36485
44127
192507
33293
36847
34551
37569
39819
42371
32664
41330
34333
43103
39049
40285
37771
33295
31533
34934
32666
38612
42375
42695
53503
43104
33298
34336
34552
38614
37943
42381
39816
33300
40283
34559
32668
45994
42693
34941
41474
37770
36953
34338
41341
36955
42692
34339
32671
37948
41475
36489
42690
43360
36966
37767
39814
41344
39048
33170
34946
40281
36968
32672
41477
36491
38619
42387
34945
34348
36492
39817
41853
42389
34947
36973
41479
43358
34564
44002
36974
42391
31363
40282
37949
41480
41347
31361
36976
38628
43359
37950
32676
32678
39821
36981
39594
32680
34568
37787
43357
36984
33304
34009
34948
34949
34950
33305
34352
41852
39812
42689
34357
36986
34359
36848
42686
34360
36990
42683
39043
34363
44451
39597
34364
42679
36855
248194
41858
36992
34570
36997
39810
34367
36852
32682
34953
41861
39811
31358
34955
42393
32686
41862
39044
36999
31359
36850
34372
33307
32691
39783
43355
34982
34373
37005
32692
43114
34374
43115
39793
43353
34954
37009
34384
34010
3772412
34011
34388
42397
39013
37016
43351
34582
39014
41954
43348
39794
34585
37017
43121
34586
32695
34952
39587
34390
37021
39808
39017
41952
33308
37025
43344
32698
37027
34603
39020
37028
32701
50196
44326
41951
31349
43122
43343
39774
35042
39025
34398
42400
43117
34397
39026
39775
43102
34396
37034
37036
34395
37037
34394
41867
43100
33294
35046
41869
34402
40279
39598
35048
34404
43096
32703
34406
39777
40278
31435
41871
39028
36860
39032
40374
32705
43090
36854
41876
34695
37047
40276
43089
33299
36173
41941
37051
42414
39035
36859
34409
47396
39036
35052
34410
42416
37063
43087
34413
40012
40280
43978
41348
43084
34412
37069
35055
43085
43083
39624
43081
33303
37070
43079
34703
40009
37073
34012
33306
43077
40271
35057
39039
40005
33309
37083
34702
39040
38630
40002
42065
34013
38633
39772
37104
34014
39771
34015
39769
32709
42822
37106
44010
41883
41521
34425
42064
37116
34016
32711
37117
42063
34017
41885
37586
192508
34018
34705
34427
42061
39619
37121
39038
34428
37122
37124
42431
41889
34430
39037
40266
41522
34432
40265
42059
34611
34433
34706
41891
44235
41358
42058
36868
42821
41892
41360
39764
34708
42311
40261
42056
39763
37128
42053
31017
43928
40259
41528
39758
42310
39757
41364
41530
42072
117419
42672
38638
42308
41367
31020
42073
44005
34021
40258
39034
42664
42074
41531
36875
41937
42306
41370
34420
39615
31021
40257
41373
34419
42658
34615
39033
41375
40256
39759
42078
34711
39031
42828
39998
42079
39611
34422
37523
47253
41381
32396
34423
42656
42322
34625
42832
32399
34436
37137
34630
42655
37138
37798
41540
32402
37140
34633
34431
42830
37794
37142
41389
34429
41390
37143
42653
32403
36877
34426
45784
44315
34421
41219
41222
37723
41236
34414
34411
34403
34401
37729
34392
37732
37733
42649
34393
42648
42645
42641
42625
42619
34389
42618
42616
34387
34386
42613
34385
42612
39761
34383
42611
39629
37734
42834
44021
33313
37736
41900
42101
43306
45976
41901
42843
42093
43999
36879
42845
42434
42092
39762
42436
34663
34661
42848
33314
34660
37742
42850
33317
43189
39445
42439
34657
42852
34710
33318
43190
53444
39765
32722
34655
43192
33319
42272
42273
42274
43196
34712
42445
42861
37535
42444
43200
37148
43206
37746
37147
39768
42866
43207
41936
37750
43212
44522
37144
42447
43217
39996
38644
32723
37141
43222
43227
39995
37139
42450
38646
37136
40250
43229
43233
2768680
43349
48844
38648
39992
43235
43350
41539
42872
43352
42875
41940
40248
37123
43354
43242
36881
42876
34674
35061
43356
40245
32724
37761
39990
38655
41537
37766
43341
2768877
37768
35066
39987
34716
32434
37772
36883
44915
37775
42302
33320
42300
35068
32436
33321
37778
33323
39986
38658
37783
37785
44339
39985
44027
37090
39981
43334
40239
43317
43319
39979
43325
37795
38662
37800
43327
43323
37789
32441
37791
34380
34378
40240
41543
42474
42918
43318
43316
32726
41906
40241
34376
42476
41904
37536
39397
32442
42295
42478
39394
43315
42297
39389
43314
34377
41529
39386
43312
39029
39382
43311
34726
40242
49260
39027
39024
39377
34370
40372
41525
43310
32796
39023
37066
32450
47769
40371
40243
42882
48971
43991
35072
252671
34368
42885
44801
35074
34714
40370
39366
42481
64880
38255
39365
38258
53569
50463
34362
42889
42483
43930
40249
32740
48613
34720
42888
48422
34361
37542
35078
38284
38291
42895
38294
39348
42897
37084
34358
40464
41573
46234
37082
34356
42899
37080
42492
34355
42602
37078
34354
42494
44703
37072
32797
42498
42903
39016
37068
39015
37065
35081
37064
37062
35083
42500
42907
37057
37055
42915
37054
42501
34350
37053
34680
42598
34676
34678
35088
37043
37042
42502
34684
37035
42928
35095
50055
34685
42505
42935
42939
42509
37546
32742
42510
35097
39005
42950
42956
42957
34976
42513
43253
44790
34974
42971
43266
49425
37547
37549
37562
42105
46201
33736
42109
44783
33742
39748
50022
42296
43912
40462
34328
42106
39750
39571
41533
34326
40255
34969
42556
34327
42091
34322
42831
34967
42825
36886
42095
34965
42516
42096
42835
42097
34728
34963
32746
42518
40262
42100
42520
34961
32455
43124
43268
43269
39352
32752
34314
43125
117369
34980
43936
43126
42522
39570
39752
43273
39346
34311
42839
41959
39749
31547
39343
32799
43274
40264
42523
44279
43132
42841
41960
42526
34309
31538
43278
34307
41536
32800
31539
43284
39737
40267
42844
43289
47906
31537
43290
39002
39340
31536
39744
34729
39336
43133
39746
41961
34985
43288
40268
34022
43134
41541
38993
39330
47249
31532
34986
40269
36494
38989
33864
34023
43283
40270
42846
38987
34689
43281
192506
43282
32805
38984
42849
39976
32813
38982
34991
39975
41574
42851
39326
42279
41962
42283
42282
42284
42285
35022
42286
40368
42593
36496
39747
37572
41571
40272
42590
32814
39325
39745
42287
42289
42589
42291
36497
39974
43185
39321
42292
31527
42294
37558
41896
41965
31528
40369
44438
43271
39971
39318
41565
34027
42525
42853
43183
43270
36499
39970
43267
31529
43265
39308
47384
43180
43264
33748
39305
39304
43169
39302
43165
44793
34446
43163
43158
39297
34449
43157
32817
43155
46069
32816
34450
39732
50459
34735
39733
41884
43127
31362
34521
32815
43262
41882
41967
43275
3772574
42860
41879
43258
39285
45064
43256
41877
34524
34454
39281
34526
43178
45961
34443
36506
32458
42862
41569
39277
39720
34675
43184
36508
32459
42863
39274
42864
34677
39273
39722
32461
41872
31003
42865
41566
39271
34441
41870
42867
32819
34683
34541
42869
42345
39269
32821
34440
41561
31010
39266
36513
34542
42871
41868
42343
41866
36514
42874
39265
34544
41864
37528
42877
32818
34437
39262
41239
36517
39259
42341
34686
39721
39257
47137
41863
42881
36520
31012
32820
53556
41559
41860
32464
34546
42339
34435
39254
41558
47877
41857
42986
42333
41242
2768962
34548
36830
38983
41244
42326
34550
39964
36833
53431
43255
32757
43252
39243
41855
43251
36522
41248
38985
43250
41254
34554
40236
32827
35029
39961
41259
32474
43247
43246
39241
39959
32475
42351
46121
41260
35032
36525
32479
39237
39957
41266
36527
32837
39233
39955
43241
32481
41268
36529
43240
42891
42585
39953
32841
36530
43236
37564
32482
45249
41269
42591
41271
36531
43234
42553
32758
42551
43231
37033
42893
36532
31357
41551
32831
37032
41850
42894
32832
42994
37029
41547
38986
42595
42550
43230
31355
35040
34658
42896
41848
37026
43228
34656
39226
53561
32836
40459
32761
37020
43220
39222
34654
37019
32838
39220
37015
35060
42900
31352
34474
38988
34662
39218
43218
46813
42995
37012
43216
36891
31351
36893
34476
42901
35058
36894
37516
43215
42586
44324
34029
34477
34480
39936
37007
43203
39215
31350
43204
35056
42904
42587
39933
38680
37006
43205
32839
38681
39214
34569
41274
38682
32840
36895
32762
42538
36996
43202
39930
40228
32843
38683
36994
39926
38994
34571
48583
43197
32764
36993
38995
34486
43193
39924
39686
41841
36989
39203
50079
34651
32766
34493
34573
36985
38997
39922
39554
33752
41286
38998
36897
38999
36967
34505
36965
34745
39000
41524
39197
36961
32849
39001
42547
41839
36960
41290
39195
32851
34578
36959
36536
42542
36956
35054
36954
32855
36537
41295
3772154
36952
42580
37517
41837
34749
41304
36948
42573
42541
41308
42571
39003
45432
32857
34647
38684
35053
34645
41309
32859
44785
42025
34581
38687
42922
40231
41311
34636
38691
39557
33769
35051
32850
42925
41316
38693
44135
41318
37520
34583
32852
34634
38694
34504
41319
48311
41833
40233
34503
39183
41324
42927
32853
53507
33770
42572
38979
35049
34031
39906
42929
41334
36543
34500
41333
39555
39905
53506
41831
42576
53502
32854
42708
39556
38975
40235
39903
36903
41340
35047
42934
42707
36544
41342
38974
39174
35439
42936
42581
42712
40234
38970
41343
39172
34608
41829
42716
41345
42582
35437
36546
41346
38968
42937
32856
42726
43935
45757
34496
36550
36905
42567
36548
42564
42561
39168
42985
39166
39164
34631
34495
41362
34629
34035
39160
41365
34487
39158
41368
34488
53437
42728
43934
41369
34484
34036
42731
34616
39152
34482
42732
34037
43852
42735
34481
41374
38969
34614
39144
34479
36150
41826
41557
44259
42749
34618
39136
37532
42753
45460
39134
32768
42754
41372
38971
34619
39132
42758
32770
34621
44437
38972
39644
42761
38973
3772221
3772232
34620
32773
31433
41388
41391
34622
39369
35045
36909
42920
42562
39374
41563
41824
36911
45326
41394
39385
40080
41396
41971
53565
32858
38976
40083
41562
38015
44679
31429
39387
36914
41408
38978
39559
41409
32775
40070
40487
40067
35043
40064
32777
40062
42919
38019
40060
32778
40055
38026
40053
40052
39652
35041
42944
41972
40050
34751
32782
42945
39653
35067
40048
32861
40047
42946
39655
40044
39656
40042
40041
39658
53562
44497
32865
42952
40038
40034
40032
40031
41975
31425
41977
31423
41823
38062
39390
33775
41410
39391
41820
41411
40477
39392
42652
41366
42657
41420
31419
39367
41423
39363
42661
40214
38058
42662
39362
41427
33782
39643
41431
40221
42671
41433
40222
36919
38707
38708
33783
42680
41434
32869
41436
49701
46156
41438
41816
36922
42681
41440
42684
41815
40201
53515
41441
31413
42955
40207
38964
36926
42694
31408
53443
39651
42696
33788
41988
42958
40212
31405
31837
42514
45970
39529
39654
45374
42962
42963
45247
38045
42508
31406
39657
42964
41983
41807
38963
42968
40213
38700
252479
42970
42702
31407
34042
41806
38032
42703
42704
31838
42499
44409
38027
38961
31398
31841
31834
42497
42650
42651
38023
42647
38022
42646
38020
34044
32871
42643
31846
42495
42642
32873
42626
34626
38930
31844
38934
38029
34045
42621
42620
42617
42615
33399
34046
38940
42614
42488
42609
38941
33401
38943
42606
33402
32872
41590
32785
35065
37203
32787
34753
35070
32875
34079
32876
34077
250710
53542
32314
38942
45959
34757
34070
38945
32789
34069
38952
38954
34761
32790
34068
42203
42202
38959
32792
47260
40450
42197
40449
34067
32793
37204
34066
40448
40445
42194
40438
34064
40434
42192
34772
40432
34063
40424
34062
42187
35096
40410
40408
38957
40403
38955
34061
40401
42184
40399
38953
34060
40395
40392
42182
44291
40391
32794
34059
35091
40390
38944
42181
44131
38937
40384
42177
38936
38935
34058
32791
38933
38931
40378
35089
38929
40376
34055
40375
32788
38928
42172
35084
34054
42171
38924
34053
3772662
34052
3771951
42165
34091
36129
34090
36138
42160
34089
37206
34088
34087
37207
44855
34086
33789
33796
33798
44238
33809
41586
41585
31833
39356
19836250
39663
33791
39353
33386
39662
39351
39660
39349
33389
41804
33390
39339
41802
39675
33781
40021
39670
39669
39668
33777
43973
32878
41801
39338
40020
38709
32881
33372
40211
33374
41798
39332
34470
33365
34469
39715
40210
34468
34472
39324
39713
40209
34509
34776
40011
39322
40010
32880
40361
39712
32882
39710
40204
34457
40007
40998
32885
42334
39314
40203
39708
33367
40360
39310
41587
40004
42335
39567
40003
40202
32887
39704
39306
40997
40001
39701
34093
42145
32886
31030
42342
44390
41787
34455
34778
40200
38918
34094
39301
2768961
40427
33774
39697
38916
38715
2768978
32888
42140
34095
41589
33772
40428
34447
40198
38719
38915
41786
38872
34096
34780
39294
40195
38721
38871
39994
38912
40429
32892
40430
39991
38870
45910
31027
40431
40996
37216
33332
40433
38868
32894
34098
41785
39685
33334
34097
39988
42136
42347
40188
31022
40993
38909
40436
34445
39683
32896
39989
40437
40992
40185
39984
38540
44129
39682
38541
32903
40991
34442
38865
40441
40989
39973
37217
39678
40442
38553
34099
42130
40443
38565
38910
40444
38581
48775
40987
39969
42452
31011
53438
41597
40451
38859
40980
38858
39966
38589
38590
38904
38857
38580
40975
38579
39965
39289
38571
34839
41599
40377
42125
48973
38559
38850
44496
40381
41784
34838
39284
42350
32786
32901
40973
42117
40383
39960
36680
38844
38843
40970
38901
39280
39716
32902
39278
38898
39276
34102
37232
39956
38893
43479
43482
40183
39954
39272
38891
36127
43486
34785
39714
39950
43490
43492
41602
43494
44071
42113
39711
39949
39270
43497
43500
39709
34882
42114
40385
43503
39707
39267
43502
40965
39948
39706
8673956
39263
39703
43505
43507
40386
36130
43511
39260
40388
49762
31009
42115
40389
53442
34148
42122
50266
34919
40357
40394
32905
39253
36135
39250
36675
40186
41605
42126
34939
40187
3772109
39694
34935
40189
42128
39691
40355
39935
42131
43003
40353
34956
42133
40190
42207
42208
42209
42210
40354
42211
42213
42214
42220
36146
42228
39934
44233
42230
42234
42239
42240
248102
42242
47900
42243
42244
39923
42245
42246
36159
42139
42250
42251
38852
42253
42254
45969
42257
36163
39918
39917
37235
31002
39904
39907
39908
36171
37236
40373
36174
39684
38372
36208
33750
37239
36210
36820
43005
40191
40351
2768853
36223
36816
41609
40172
40349
36234
36813
36674
40174
36235
39688
36810
31839
39573
41611
40176
41612
32776
36808
36238
36237
34147
48228
34143
42158
36802
34142
43514
43516
35511
34790
42159
34141
36798
40963
43523
31230
39665
34140
40398
43532
40177
34139
34791
36845
39666
43533
34138
34786
40179
43530
41779
39244
43522
34137
43517
41776
34794
43515
43513
35522
39240
34136
39672
39910
35539
35536
32769
42162
36839
35537
40958
34135
38178
39914
41615
35533
39671
32488
35532
35528
38182
35527
45739
34134
32493
32912
43542
32913
40959
38184
35521
35520
43549
32914
34796
41775
43551
39232
32916
32918
40961
38890
32920
42536
43552
35512
48445
40957
42537
43554
41772
39575
42539
43558
40956
43559
43561
42169
32907
34800
43560
40955
43926
43562
43563
42543
44006
39574
31228
43565
38897
43566
43567
39916
43568
43569
44747
39677
42544
43570
43573
42173
39223
38900
43574
39679
43576
43577
39221
43579
31227
34801
40999
38193
42545
42175
39217
38198
38202
38199
43950
41001
3772542
41610
38204
34802
3772692
38205
38206
38905
38207
37483
38208
40180
38911
38209
42178
38913
41768
42180
36831
32909
38214
32917
42183
38221
41607
36829
42185
38914
38224
32919
39210
40178
38917
38920
35935
39204
32921
50305
48071
35939
39202
41021
38923
35940
40173
35941
35943
32923
35944
41601
41026
32924
41027
38889
41028
38886
41030
38887
35936
36826
34132
41767
32925
44260
35933
35931
35930
36824
32926
41596
42196
39186
41766
36552
35927
35926
35925
39181
35923
35922
35920
36689
35918
35914
35913
36554
34131
41764
36679
36682
39173
36685
36686
44008
36692
32495
36865
39565
36695
40170
39169
32496
39165
39161
43905
38881
41033
38879
41035
32499
36555
32500
41108
41113
39999
32504
41117
41121
32507
41123
41037
49807
41619
41622
32763
41038
32760
41135
41137
36598
36696
36697
36698
36699
36700
41040
36701
41139
41143
36703
39150
36705
35908
47121
35905
32753
36706
36708
261329
39147
36864
36713
36717
36718
32510
44702
36720
32751
39143
36722
32511
36723
35910
38885
36725
35909
35912
32513
41149
36726
2768852
41043
36727
36728
44095
32516
36730
41151
38888
36731
32745
35902
36733
35901
38722
36863
34127
41045
35900
35899
41153
35898
35897
32518
35893
36560
36249
35892
41047
35891
36251
32520
36561
35890
35503
36741
35889
35888
36742
53425
35886
35884
36743
38884
47611
36563
35882
32521
35881
35878
31840
35877
38883
44086
38734
36263
35875
41159
36264
35552
38878
41760
36271
38880
34126
39133
43146
41161
40168
32523
32741
36278
36747
34125
36748
36750
36749
36282
36751
31658
41160
36752
36858
36857
39130
36565
31235
36856
41163
36757
36758
32739
36853
43149
41165
36759
36287
36760
36566
48387
32738
41167
43150
39123
35553
36569
36851
43151
40169
35547
39121
43153
36570
38736
36288
43154
35544
36289
35543
43156
41170
34124
41054
34123
43159
36290
41172
41056
34122
43160
41174
40167
36292
43161
36754
36571
38740
50005
36761
34121
41180
35509
36299
41060
36849
41185
43162
40506
36762
36763
36764
46078
46058
36574
36766
34120
36767
38741
36768
36769
36770
49779
36771
36575
36772
36303
32737
34119
35864
41191
36774
36576
36775
41192
36776
34118
41097
36778
36601
36779
36780
35501
36306
45380
36782
36784
37246
3772101
36788
36789
41103
36308
36791
36792
38742
36793
41104
36794
36797
41628
34117
36316
41107
34116
36318
41633
34115
41758
37267
41756
32732
36577
32530
36329
39539
34114
41624
41194
36578
41195
41623
41199
36579
36337
41748
36338
44830
38866
36339
36580
41200
32531
34111
41203
36347
36348
36581
36351
34110
41205
41620
32535
36352
36353
36354
41206
37268
38745
36357
40155
36582
41747
36358
41208
32731
36362
36584
38846
41210
36585
41744
38842
38840
38838
36583
38837
32536
36365
38835
36586
40160
38749
36366
34109
36587
38831
38830
36588
38828
38826
38825
32538
36876
40164
32728
36376
38824
41740
35861
32540
35853
38821
36377
38820
38819
35856
36589
35854
36378
38818
36590
31240
38817
36380
38816
36381
37272
38813
38811
38812
41627
38809
38808
36383
38807
38806
38805
38799
38798
32725
38796
36593
38795
38794
38793
36594
50310
36874
38785
36390
36872
38784
38783
38781
41629
38779
36393
38775
35850
31243
40165
38774
35846
38773
38771
35845
35843
41632
36394
36887
32721
41737
53583
37275
36408
40163
32720
35408
32719
35407
35405
35404
34107
47767
35400
34105
35399
32716
35398
35397
35396
35395
33744
35394
326157
35835
35830
35827
35825
35826
35824
35818
35812
35800
35801
35793
35792
35790
35785
35780
35778
35777
35774
35771
35773
35767
35766
35762
35759
35758
40162
35748
35746
35747
46068
40161
35848
35842
35841
35855
35865
35866
40152
39530
35867
33982
50285
40149
39528
36409
45401
40147
36405
36404
36400
40148
36397
41634
41635
36395
35921
36392
40146
35924
40145
39550
41639
36391
40144
36612
35932
40143
41640
35745
40140
41638
40138
47905
35962
35963
35966
53558
35969
40136
35970
36386
33490
33492
36382
36379
33496
36375
36373
36372
49780
41643
250735
33530
34805
36364
36361
36360
39535
36356
36349
33545
33551
36340
33557
36336
33563
44228
33569
33703
36331
33575
33577
33579
36324
44219
36321
36319
36317
36310
41109
36309
41646
34817
44115
41112
33708
33707
41645
33706
33705
41118
36304
36302
36298
33710
41938
33711
46066
40133
36293
36285
33716
33718
33719
32545
37277
37292
33992
36878
42050
37293
32552
36896
36889
42049
37300
32715
32553
32704
37304
32700
3772646
32557
41963
41964
32558
37306
34819
32564
32567
32696
39542
36927
32568
34816
32517
32693
46059
39547
32522
32690
36921
32525
44964
34804
42043
32575
32528
38280
36920
32529
36913
36284
33814
36283
31845
36281
32532
36280
42029
34793
36277
44748
33817
36270
38298
36265
34792
36262
31848
36260
38301
37345
32534
36252
34799
36246
36908
36907
3772676
36244
38303
36243
36242
39551
34779
32426
36904
32537
36900
34777
36240
33822
38283
33823
32539
33818
31849
36236
33816
37344
36232
39540
33815
32427
34774
44046
36230
50405
45680
37299
32541
39546
33824
33825
32543
33827
33829
33830
32435
40457
32547
32437
31851
36199
40456
33832
32439
32548
36197
36817
36196
32443
36195
47954
33835
36192
36191
33836
36188
36183
32444
37982
36172
32687
33837
32683
37297
32446
33839
33838
32447
32551
38116
33840
32679
33988
32452
44254
32677
32454
33843
32674
33844
31842
32460
33845
38129
33846
38127
38124
38122
33732
38121
32462
45682
2768882
32556
33847
38137
38138
3772105
44132
2768881
3772453
38141
33850
33983
38144
33852
37296
33854
33855
38145
38147
33856
47080
38151
33858
38153
48531
33859
38154
32467
46140
38161
38163
38164
32563
33807
32565
38165
33862
32566
38160
44848
38152
38150
38136
33979
38135
38134
37290
38133
32470
37956
32473
33977
32478
32480
37288
38113
39536
33973
32569
32485
33972
32573
32490
32574
32494
37254
32497
33867
32498
33865
40130
33935
34177
37366
37363
39588
34767
32505
35390
45830
44149
32506
35386
35385
35384
35383
35382
35380
35379
34773
35376
35375
33952
35372
33953
40129
34770
35370
35369
34762
41663
35366
34758
35365
35364
37238
40124
34193
32508
34754
40120
48450
41690
34194
41689
34195
40121
37237
34752
37491
40122
34196
41688
34197
40123
40128
34750
37500
34748
34747
41687
37507
44544
39610
41686
37374
34198
35333
35334
35335
35337
35338
35339
35342
35343
37378
35344
40131
35347
35349
49806
35353
35355
35357
35359
35362
37372
41680
37381
41678
37385
41675
37389
41120
32130
41122
37390
37997
41124
32128
41125
41132
41133
45368
41136
40135
44835
40137
41138
41673
41140
40139
34743
41141
41144
38011
41145
40141
39608
41148
41150
40347
40348
40346
40142
41152
37399
34742
41156
35555
37400
41157
32385
37402
37405
35568
32392
47998
32397
34734
44226
37223
37407
35574
41158
41162
39613
34719
41164
35579
41166
35580
34718
46017
37414
41169
35586
37412
35587
37415
41175
50147
35596
35597
41179
40117
37417
40118
40119
49805
35599
35600
49808
41214
41213
35602
41209
34203
34204
34205
41207
34206
41202
41197
40116
44728
41193
41190
41183
53584
34209
41181
37435
33874
33881
41171
33882
34211
41168
34212
33884
33885
33886
33888
33887
32424
32423
33889
33890
33892
32420
3771738
32419
32418
3771965
32416
32415
34215
32414
32413
33897
34217
33900
33898
33899
33902
32406
33903
33904
33906
44631
33905
44079
34220
33907
33908
33911
33909
33913
34222
33834
33916
34223
34225
33148
34226
33005
34227
33009
33010
33013
34229
33014
33015
33016
33018
33019
43984
33017
34230
34241
41672
41908
41907
41674
39585
41912
40111
33917
33920
41920
40994
41682
50002
32665
32663
40990
41677
40988
40104
40983
41731
40982
40102
40981
41679
32661
41730
40979
39593
40097
40974
41729
41926
40972
32660
36915
40967
41671
40966
36916
33502
36917
33504
36918
40095
41727
31660
41726
31665
41668
40093
40962
31674
31239
33526
33554
33541
33540
39897
40096
40960
39887
39882
43927
32651
32649
39878
32648
32647
39877
39871
39870
43602
41000
31921
43609
31922
31923
39865
39866
45655
39869
43629
32646
41018
39872
43634
32645
39873
39875
39876
37445
37446
39879
39881
39883
41019
43636
43628
41724
32639
43624
40794
43625
40091
43601
41930
45399
43600
41020
40090
41102
41022
32636
43593
41095
41096
43591
45826
41718
40092
37431
43583
37434
41094
41662
41661
39388
40588
46260
41656
40589
40539
40549
40587
41025
40579
40548
41029
43916
40576
40546
32633
40544
40542
40540
39355
32632
32629
41032
41034
40543
41653
41041
40545
41650
41042
41647
41044
32627
40565
40563
31994
31993
40562
37709
41644
37710
8674098
37711
41058
37440
37624
37625
34707
41641
37218
41059
41057
41055
37444
32624
37449
37647
37762
41720
40557
49636
40556
37461
117300
37692
37467
37694
37287
37470
33423
33424
37690
33425
37684
37669
37476
37698
37668
37666
37478
33452
33450
33444
37664
33442
33435
33432
33431
33427
37662
37703
37659
37704
46074
33462
37652
37651
37676
47874
32623
32622
32621
31245
32620
32619
32579
32588
41717
32592
32593
32595
32596
41713
32598
41712
32599
41708
41702
41700
41699
34704
41698
45396
34701
34700
34699
43806
43906
32316
32328
32330
44498
37329
32617
32615
38757
39884
39888
37602
38763
37336
3772677
3771966
33459
33448
33438
33414
32612
38354
38351
38350
37220
35216
38342
32609
43385
32607
37356
43386
35220
43388
43390
43391
32605
37358
35221
43392
43008
43395
32602
35223
26067081
12797896
10178800
12798141
10178907
10178892
3772462
3772037
3772327
12798072
10178807
3772628
3772712
3772520
12798199
3772392
3772634
3771927
3772422
14462706
3772609
3772091
3772102
10178801
26067083
12798359
4379905
3772532
3772672
3771770
3772530
3771948
3772474
3772330
3772418
3772137
3771871
3772579
3772527
3772048
3772477
3772339
3771824
3772126
3772141
3772086
3772268
3772411
3772690
3772132
3772308
3772500
3771866
3772050
3771777
3772157
3772573
3771802
3772002
3772210
3772696
3772621
3771811
3771995
3772653
3771888
3772192
3771949
3772523
3772678
3772228
3771903
3772306
3771980
3771929
3772704
3772352
3772136
3771810
3772620
3772170
3771950
3772469
3772240
3772044
3771831
3771862
3772695
3772417
3772009
3771737
3772572
3772287
3772386
3772545
3772328
3772363
3772142
3771944
3772478
3772241
3772038
3772703
3772414
3772010
3771742
3772578
3772284
3772388
3772115
3772685
3772243
3771979
3771820
3772534
3772642
3772348
3772184
3772307
3772343
3772131
3771930
3772705
3772255
3772059
3771839
3771878
3772389
3772107
3771961
3772668
3771978
3771827
3772528
3771748
3772522
3772295
3772092
3772098
3771889
3772667
3772445
3772398
3772116
3771963
3772681
3772260
3771982
3771834
3772543
3772001
3771787
3771953
3772593
3772377
3772040
3771833
3772481
3772252
3772510
3772272
3772078
3772103
3771896
3772673
3772455
3772017
3772175
3771813
3772551
3772585
3772133
3772238
3772298
3771772
3772235
3772387
3771962
3772124
3772300
3771973
3771901
3772408
3772495
3772112
3772365
3772709
3772146
3771788
3771936
3771786
3771754
3771943
3771904
3772266
3771870
3772263
3772686
3772525
3771845
3772606
3772699
3772647
3771837
3772066
3772071
3772217
3771994
3772675
3771972
3772660
3771863
3772061
3772440
3772649
3771841
3772353
3772631
3771842
3772042
3772055
3772323
3771757
3772053
3772227
3771768
3772270
3772182
3771886
3772337
3772483
3772476
3772612
3772119
3772657
3771829
3772671
3772591
3771847
3772130
3772633
3771755
3771790
3772292
19893563
19893527
19893528
19893530
19893531
19893532
19893534
19893536
19893537
19893541
19893543
19893544
19893545
19893546
19893547
19893548
19893550
19893553
19893554
19893557
19893559
19893560
19893561
19893562
4379906
4379869
4379868
5740401
5740532
5740703
5740291
5740461
5740332
5740719
5740601
5740810
5740739
5740173
5740298
5740669
5740884
5740217
5740439
5740360
5740586
5740189
5740786
5740220
5740269
5740438
5740363
5740135
5740456
5740684
5740797
5740741
5740182
5740302
5740842
5740283
5740342
5740570
5740697
5740134
5740470
5740645
5740517
5740779
5740157
5740871
5740508
5740734
5740169
5740385
5740620
5740835
5740277
5740100
5740315
5740556
5740767
5740206
5740425
5740659
5740881
5740698
5740137
5740717
5740148
5740376
5740514
5740833
5740222
5740435
5740647
5740865
5740198
5740419
5740768
5740107
5740326
5740486
5740617
5740818
5740160
5740388
5740519
5740675
5740781
5740233
5740351
5740576
5740140
5740263
5740581
5740621
5740829
5740859
5740289
5740305
5740543
5740753
5740191
5740227
5740449
5740770
5740792
5740236
5740459
5740708
5740539
5740506
5740678
5740448
5740639
5740409
5740184
5740683
5740209
5740763
5740127
5740838
5740246
5740754
5740295
5740800
5740641
5740795
5740253
5740202
5740711
5740524
5740396
5740278
5740422
5740670
5740104
5740110
5740382
5740587
5740852
5740292
5740806
5740327
5740145
5740210
5740352
5740255
5740473
5740434
5740190
5740428
5740725
5740251
5740172
5740538
5740863
5740200
5740651
5740666
5740729
5740862
5740250
5740504
5740290
5740487
5740228
5740521
5740268
5740821
5740611
5740381
5740156
5740724
5740674
5740445
5740229
5740785
5740578
5740387
5740604
5740356
5740728
5740358
5740343
5740171
5740701
5740406
5740454
5740577
5740812
26067094
8673989
10178925
10178776
10178878
10178798
10178942
10178808
10178962
10178937
12798410
12798385
12798576
12798041
12797955
12798133
12797871
12798093
12797914
12798077
12798174
12798462
12798357
12797939
12798495
12798306
12797972
12798555
12797920
12797923
12798235
12798017
12798084
12798194
12798273
12798358
12798170
12798509
12797892
12798566
12798175
12798060
12798167
12798493
12798581
12798386
12798237
12798371
12798263
12797986
12798130
12798527
12798561
12798221
12798451
12798176
12798110
12798434
12798552
12798383
12798421
12797975
12797880
12798418
12797983
12798205
12798131
12798179
12798412
12797995
12798161
12797996
12798429
12798217
12798111
12798127
12798220
12798482
12798565
12798295
12798503
12798012
12798568
12798452
12798354
12797982
12798352
12798262
12798464
12798402
12798181
12797869
12798246
12798355
12798241
12798563
12798333
12798448
12798351
12798578
12798086
12798149
12797881
12797956
12798291
12798496
12798417
12798577
12798043
12798030
12798196
12797981
12798453
12797877
12798312
12798411
12798236
12798112
12798529
12798320
12798113
12797988
12798150
12798504
12798277
12797862
12798126
12798204
12798432
12798206
12798247
12798492
12798171
12798378
12798129
12798094
12798368
12798356
12798415
12798183
12798287
12798050
12798029
12798490
12798384
12798322
12798294
12798018
12798128
12798547
12798238
12798299
12798182
12797904
12798380
12798572
12798211
12798261
12798026
12798564
12798013
12797897
12798525
12798300
12798087
12797903
12798016
12797936
12798447
12798506
12798197
12798567
12798132
12797961
12798431
12798011
12798177
12798109
12798353
12798180
12797974
12797909
12798134
19834885
12797864
12798268
12798231
12797984
12798003
12798288
12798470
12798483
12798345
12797922
12798520
12797900
12798215
12797878
12798571
12797865
12798389
12798427
12798426
12798366
12798409
12798424
12798513
12798274
12797891
12798227
12798148
12798374
12798178
12798349
12797987
12798075
12798073
12797954
12797887
12798507
12798335
12798548
12798332
12798423
12798542
12798045
12798313
12798082
12797976
12798100
12798103
12798027
12798091
12798096
12798033
12798499
12797989
12798446
12798116
12798162
12798095
12797861
12798053
12798117
12797863
12797882
12797980
12798203
12798067
12798143
12798092
12798370
12798511
12798234
12798373
12798387
12798090
12798212
12798314
12798303
12798051
12797944
12798531
12798048
12798089
12798290
12798014
12798200
12797915
12798163
12798377
12798471
12797905
12798559
12798489
12798558
12797957
12798286
12798535
12798147
12798388
12798040
12798524
12798055
12797925
12798508
12798169
12798444
12798497
12798554
12798321
12798382
12798346
12797868
12798397
12798582
12798165
12798166
12798543
12798560
12798443
12798342
12798032
12797958
12798553
12798083
12797924
12798070
12797886
12798398
12798399
12798400
12798244
12798416
12798435
12798455
12798362
12797867
12798114
12797951
12798519
12798245
12798226
12797973
12798097
14462735
14462826
14462681
14462351
14462565
14462593
14462594
14462624
14462658
14462618
14462633
14462784
14462811
14462610
14462702
14462700
14462399
14462412
14462376
14462730
14462709
14462853
14462890
14462891
14462888
14462903
14462886
14462887
14462873
14462592
14462513
14462375
14462395
14462829
14462708
19835596
19835576
14462892
14462575
14462350
14462393
14462604
14462866
14462907
14462408
14462448
14462435
14462444
14462518
14462354
14462359
14462360
14462361
14462446
14462527
14462528
14462491
14462524
14462514
14462402
14462394
14462506
14462716
14462659
14462668
14462634
14462570
14462560
14462760
14462502
14462438
14462473
14462493
14462487
14462382
14462669
14462670
14462721
14462722
14462407
14462545
14462430
14462450
14462747
14462680
14462431
14462481
14462551
14462626
14462553
14462471
14462519
14462738
14462742
14462447
14462561
19835418
14462573
14462736
14462443
14462461
14462469
14462480
19836070
19835779
19835544
19836052
19835835
19836033
19835967
19834903
19835586
19835736
19835996
19835044
19835352
19835390
19834935
19835460
19835673
19836065
19835579
19835487
19835093
19835224
19834735
19835565
19834866
19835804
19836154
19835317
19836187
19835574
19835716
19835112
19835588
19835973
19835645
19835157
19835285
19835676
19835270
19835976
19835444
19835217
19835962
19836214
19834859
19835978
19836238
19834840
19835321
19835652
19836009
19834837
19835647
19835648
19836205
19835915
19835074
19835639
19836036
19835180
19836212
19835774
19836135
19835428
19835409
19836069
19835821
19834890
19836125
19835859
19835330
19835103
19836172
19835879
19836107
19834991
19835095
19836029
19835542
19834819
19836133
19835634
19835306
19835243
19834821
19835818
19835690
19835369
19836000
19834798
19835248
19834986
19835086
19835533
19835836
19835372
19835435
19834809
19835758
19836137
19835077
19835632
19834779
19835075
19836121
19834827
19836237
19835272
19835838
19835896
19835546
19835014
19835114
19834727
19835365
19835064
19835521
19835439
19834981
19835923
19835113
19836254
19835473
19834895
19835778
19835829
19834882
19835848
19835300
19836184
19836234
19835585
19835089
19835649
19835636
19835857
19835110
19834985
19835063
19836158
19835455
19834913
19835516
19834943
19834817
19835505
54520461
19835892
19835694
19835800
19836134
19835960
19835276
19835547
19835752
19835509
19836251
19835909
19836035
19835501
19835000
19834772
19836124
19835185
19835620
19834995
19836245
19836007
19835646
19834897
19834789
19835032
19835164
19836163
19835853
19835035
19835322
19835958
19834896
19835485
19836068
19835375
19835798
19835984
19835641
19835338
19834850
19835789
19835227
19835079
19835901
19836196
19834835
19835386
19835328
19835683
19835210
19834900
19835332
19835811
19835080
19835463
26067116
26067120
26067128
26067129
26067130
26067131
26067132
26067134
26067136
26067137
26067142
26067144
26067145
26067146
26067150
26067155
26067156
26067157
26067158
26067159
26067160
26067162
26067163
26067164
26067165
26067166
26067167
26067168
26067169
26067170
26067171
26067172
26067180
26067192
26067193
26067195
26067196
26067197
26067198
26067199
26067200
26067201
26067202
26067203
26067210
26067213
26067214
26067217
26067218
26067219
26067220
26067222
26067223
26067224
26067235
26067236
26067237
26067240
26067252
26067253
26067254
26067255
26067256
26067257
26067270
26067271
26067278
26067279
26067282
26067287
26067295
26067296
26067297
26067301
26067316
26067320
26067326
26067333
26067339
26067341
26067348
26067352
26067353
26067357
26067363
26067364
26067366
26067367
26067368
26067369
26067372
26067373
26067376
26067382
26067383
26067384
26067385
26067386
26067387
26067388
26067391
26067398
26067399
26067406
26067408
26067409
26067410
26067413
26067414
26067416
26067418
26067421
26067422
26067424
26067426
26067444
26067445
26067449
26067450
26067451
26067452
26067453
26067454
26067455
26067456
26067460
26067461
26067505
26067506
26067556
26067561
26067565
26067566
26067571
26067572
26067573
26067574
26067576
26067579
30522411
30522412
30522413
30522414
30522415
30522416
30522417
30522418
30522419
30522420
30522421
30522422
30522423
30522424
30522425
30522426
30522427
30522428
36786389
36786391
36786392
36786393
36786394
39877396
39877397
39877398
39877399
39877400
39877401
39877402
39877403
39877404
39877405
39877406
39877407
39877408
39877409
39877410
39877411
39877412
39877413
39877414
39877415
39877416
39877417
39877418
39877419
39877421
39877422
39877423
39877424
39877425
54520468
54520502
54520503
54520507
54520508
54520509
54520511
54520517
54520522
54520523
54520524
54520525
